772
8468
6641
9466
4367
2611
6408
1439
3786
387
9333
850
8217
7334
5021
3747
5554
2676
9777
8872
6605
7567
2412
4741
5018
9278
6860
7566
687
3382
9594
7827
9613
9943
2919
634
3934
3698
8950
219
621
6280
6576
1492
3617
1550
6151
3213
6791
6061
3339
5766
6444
8150
739
8684
4228
5090
745
7946
8938
6311
2788
6988
8196
2502
4818
5631
8273
9297
8738
8805
162
6891
7884
676
1731
4088
5918
9678
7893
5635
6483
7851
8697
1790
5314
2930
6122
1220
6577
5591
1320
3067
4099
9822
7789
5365
6613
8798
3933
4677
7569
9328
6847
7406
8877
6295
818
4855
2323
9145
2782
715
7422
3675
5881
4734
3838
8940
9698
5353
5144
7192
5245
1158
5405
108
8315
5639
484
809
7606
4673
5751
5393
2774
6038
3159
8815
6931
5824
9341
2627
5383
4521
6846
8491
4687
6391
1882
781
1966
2997
5314
9184
5550
6557
8275
4523
1156
2354
8979
9189
1102
6425
1671
5067
1964
2663
5582
5233
7929
9989
1390
1472
3172
881
5593
349
3423
3583
2859
8985
9715
8284
6611
1429
1246
9187
2028
5678
730
9400
5031
6518
4763
9633
9446
1875
549
3589
3175
2529
8488
7084
8587
8978
9481
6039
4290
1286
1246
377
9685
5206
949
4514
5776
7657
9713
9596
2506
5066
4803
4494
5938
1809
1681
2382
120
7757
261
6979
21
1507
757
3833
2695
5664
7194
2110
8957
8938
4783
9129
3612
4213
7704
3562
1708
50
5564
3916
8962
2450
7089
7047
9498
5928
9411
19
3520
380
7984
3463
6027
3787
4931
1902
6680
4460
379
1179
3998
7582
2087
7939
3811
3053
4896
6793
9931
1395
6691
9064
6135
3275
1417
297
5858
3840
8981
7716
1907
7828
7530
8339
4239
2957
3719
2161
7663
3210
5423
9970
3850
8788
2217
1196
4943
2943
7025
8483
6385
3264
2409
6355
9966
6168
9951
3158
8814
6302
1260
8789
1573
3178
1127
731
277
4158
4020
7573
1603
4399
4572
1638
2147
8801
5673
6535
1955
3874
782
2636
5202
5420
7970
8881
5803
350
8375
8227
130
260
3451
7771
7993
3618
4202
1637
1135
7008
6958
4287
6902
4751
6388
9085
2943
4586
5996
297
8276
7352
9165
423
4994
8413
4562
9191
3761
6656
1621
5860
8706
4120
4711
3577
9876
8639
8809
1747
5298
7912
5258
2050
8797
6781
381
7961
3345
241
7621
4932
1238
4549
5265
73
8998
7526
398
8840
3062
7651
8317
4396
8306
9004
4595
7555
410
5478
3990
9802
6675
5579
3435
4962
6331
222
4905
4975
7133
4796
2201
2078
3597
3550
8253
1158
208
1675
7290
9192
683
6762
7539
1873
2711
7590
9811
7982
6462
9034
4919
3550
7141
3339
7094
7651
2805
677
4637
2242
743
7661
5771
9467
3228
2934
3766
3906
374
16
6425
3275
1831
154
7115
5765
4148
7992
8268
6605
5925
6336
7902
9475
1148
1854
5166
2729
2463
9223
6861
3160
1171
4522
9664
797
9863
1634
1888
4801
203
7145
9631
3222
3772
3975
2344
9629
3613
9000
8721
7300
9362
75
640
412
6108
2262
3959
9337
1596
1943
3677
6339
4358
3718
2523
3914
9876
662
4944
9094
1795
9658
8081
7132
9598
2580
3568
8716
2582
6584
1367
4759
4267
9392
7409
3951
1321
665
6726
9062
7649
2170
8433
936
1971
2932
7696
2885
5525
5701
1128
4886
5811
7655
9186
4225
899
3893
1445
8840
1331
5406
3089
8939
2929
7842
7605
8590
3495
3993
4350
3077
2738
9955
6317
6395
3949
7322
9028
274
3071
3203
4300
597
4509
3956
9990
8346
349
3855
5548
8675
280
4429
4595
5203
9019
4150
3936
4333
5403
7084
1428
3944
1650
6951
9989
7360
4170
8891
1210
5894
8997
3013
5026
8599
471
6501
3346
2714
8624
22
3498
6386
4426
7400
3154
2675
5195
3791
1958
2930
6535
7620
2523
405
9542
2297
5853
4634
7277
4602
5702
468
2396
5311
8717
3055
6596
6574
585
2901
4882
477
7873
3209
796
9333
737
6656
4022
4178
1147
3359
6081
1335
6647
7776
3298
5550
7128
8734
2155
205
9453
5648
5464
3140
6913
6627
4615
9267
5088
9167
1557
3657
5558
4059
2513
2439
597
8301
608
2562
7442
6154
2364
7783
4621
7675
4473
4266
6620
304
6694
2791
8243
6239
156
4793
945
1509
7463
8136
4234
6333
7325
8205
269
5230
607
642
9249
5534
3388
8484
1665
1077
7308
8266
2768
9724
7536
7936
8171
3124
9204
140
3770
659
7421
8945
755
2858
8389
2785
6843
6402
736
7262
5625
2628
8650
7321
1353
5943
6383
2460
5882
4580
198
7843
437
5270
1707
6324
522
5054
1927
8543
9017
8082
15
6129
8665
4789
422
7123
7928
8850
8224
2783
3424
754
9732
690
4594
7133
6076
2045
3890
2381
4572
2326
5743
9566
7965
9691
8909
369
389
3078
8161
8400
8709
8364
6552
7820
7855
7840
2708
1905
2113
6181
7733
460
3570
2400
4752
947
4360
4139
3982
4642
4420
8422
2307
8550
9659
2601
6360
2994
257
7172
4904
4271
4788
4183
3509
3473
9954
9789
644
420
6520
2515
5131
3797
1353
8247
4421
4205
5031
4540
5136
5336
801
1561
5156
564
8408
5841
31
1125
2736
8269
9809
4245
6880
9109
4882
2089
1301
7247
4139
7566
1353
1134
6312
6706
9900
2235
5447
3312
3772
3857
4557
7731
3175
7810
5862
7131
2538
2055
7238
6142
9364
7381
8753
4309
5020
5179
180
5095
8811
3704
1854
3124
8936
8921
2750
1495
5199
8144
5130
3615
4397
5280
6617
5127
3050
3477
4958
2320
7283
3009
4641
8704
7106
7312
523
2276
9053
9565
463
2369
920
6733
5744
2888
7656
4457
4050
9048
8214
8922
9793
3454
6683
3981
7048
8535
1390
6918
2639
4006
9287
8800
5364
6176
7439
5026
7156
2484
6839
3998
3654
281
8865
1379
5
7248
8366
3026
5640
3529
2645
4653
4704
2145
8717
2955
7469
552
7399
857
1469
6289
2875
9658
210
8178
1134
9727
5439
9691
2461
5186
1231
1316
5528
9436
7394
9247
8622
7127
788
6813
4016
9981
7836
765
9877
2527
8814
6174
3898
9618
9005
9349
1555
499
1281
2650
7043
619
80
1389
8708
2382
8237
9782
9219
8334
5562
3578
2379
540
3098
7177
2732
1182
920
3221
9272
2380
4270
8861
9354
6741
2419
455
355
8190
627
4508
3874
4970
3580
5788
6719
7702
1027
9091
9477
5771
7249
5876
2250
7766
3198
4193
92
7156
1512
6605
4825
3735
4640
7192
8523
9526
2353
2410
7982
512
5902
8459
559
3969
1414
5406
1923
893
231
8782
9698
7609
7660
6721
5198
5385
9556
1401
8276
9124
9649
5353
9565
9587
5113
5013
3265
1129
8525
4914
1577
1597
8212
764
1375
7122
1091
1846
3364
8743
3195
6764
6254
698
2991
4053
6332
552
9968
9781
1656
9776
8343
1982
4104
6725
798
3926
7376
7698
91
8899
5879
8119
6154
7043
468
6210
2182
7001
9318
7049
3412
3057
1725
7892
5325
5701
728
8584
7045
888
2764
3837
8540
5279
4429
529
6369
1040
6316
4133
7886
6482
397
3733
8404
4436
4100
5077
9972
4633
8188
3575
1446
6993
164
6361
314
5860
518
5100
7081
7015
6068
4431
1574
6016
4129
6009
9079
7430
3530
8406
6714
5650
4639
9785
4246
7922
3922
3567
1151
7436
8395
8164
6229
6864
3637
7967
9594
2630
5545
8072
7630
6550
53
6267
6201
1878
7336
3396
1284
3486
1660
9097
4100
2455
529
7799
8196
3826
8914
5413
3134
822
6246
197
8933
2897
8102
6585
7746
1135
8342
8082
4698
952
5217
3811
2056
852
9749
4676
9980
3210
4136
3250
975
5238
6406
6612
6082
4776
9304
3913
2578
2185
1859
5901
7210
1865
8794
6667
3862
9716
7264
6715
2287
7747
4974
8044
5943
6542
1325
909
6803
7295
6929
5686
6944
8930
4563
196
2643
7128
2793
9809
1313
3259
6835
3953
8232
2316
6709
4984
6968
2520
8412
6698
1554
8777
2463
1851
75
9241
1508
2260
2204
8673
3515
4167
4778
9759
9547
7434
1405
5510
4519
2351
4047
3471
9869
9988
5875
3198
955
6438
2287
2463
6654
7585
1511
15
264
6690
7607
2567
6253
8109
8461
9667
955
9418
6785
4497
6355
8122
7826
2405
280
5272
3599
9914
6803
9403
3054
3106
4080
6696
7692
4238
8265
9412
5554
8393
1437
6150
9184
3982
4765
5163
5785
6091
8099
6660
8522
8221
1151
9034
9448
6746
783
6897
3333
6558
5098
4602
2671
6573
2329
8770
2901
2152
3362
6504
1431
8298
5347
6188
1369
50
728
8355
3619
1179
2345
1991
9912
6742
4578
9851
5537
8489
9968
5148
2518
1025
1813
6755
8296
8275
6985
6552
7918
7201
8317
9360
2569
8872
3868
5894
7974
7333
6081
4456
3408
5528
2159
9224
2768
5664
7729
2819
82
8422
9087
351
4421
5062
457
1197
766
5224
4419
1342
1497
9917
3374
2801
830
6373
2382
7658
444
8045
5645
7407
4533
7813
731
8988
7477
1408
1520
8614
4415
4085
5536
2924
9094
818
6890
7322
3574
6752
749
1687
637
5025
9304
8799
5337
5462
3852
2443
8430
2269
7807
955
3604
6920
5520
981
9867
7913
7778
6871
6700
1865
5816
9689
9838
4472
1387
2126
1458
7070
2491
8921
5611
1056
6559
9085
8141
142
2282
4460
6721
346
1597
7601
5170
1203
8931
265
759
1663
2924
1995
1053
487
1354
1545
3409
6476
5986
9070
6855
9399
3711
6951
505
14
7113
7039
431
8211
6556
9075
5064
70
8057
2964
2947
6587
9350
3050
2044
8870
2418
9029
3654
803
9273
2463
1201
2930
2704
7998
7785
8895
6350
8694
7531
5520
1496
1114
9348
9831
7175
8338
2583
9463
5175
8345
7995
2484
1551
3950
9231
4499
3208
1290
1067
7920
8043
6209
7828
7087
7868
1201
1707
2554
6221
7576
6836
9241
4880
2130
9806
4207
8909
9759
2259
7057
8060
3171
6477
9377
160
4359
2147
6153
6129
2526
3791
8564
4291
9778
9726
6582
6360
2300
5411
8043
6639
3922
5512
8509
2951
9402
5042
4975
7300
9053
9183
6934
6316
3879
8015
6120
735
6891
8589
7228
3473
1779
5672
6433
7206
2805
2098
8091
8456
9634
868
2216
3272
2760
3036
7760
3167
5207
4180
6267
5535
6128
8880
5756
315
920
6324
2411
4719
4717
719
7505
1101
896
5832
1724
4230
3696
2244
2178
6466
4104
9825
3011
8380
7454
9555
1031
4876
7260
2856
4918
706
1403
2921
9126
7372
3835
1391
2879
9300
2240
9696
1243
1257
3911
1877
5945
5161
3478
2985
2048
5832
4353
5312
3872
8975
5576
2369
2869
4820
6702
7346
2405
7617
6308
2030
1705
6820
5524
6646
1752
1283
2570
465
6366
1561
9084
1025
7371
2945
5563
6244
3304
6990
1809
3635
8725
853
4378
3499
3134
7016
576
8101
1036
7504
5870
948
3959
8630
4582
7659
6425
190
9022
1144
4798
368
2692
9937
728
7604
7699
6602
1262
6154
366
7888
4996
3715
4729
6388
86
7919
7927
9495
5407
7956
6429
3487
5494
3639
3061
3139
2567
4571
1664
6089
9296
9939
2883
2345
1282
2133
770
5006
1159
494
5914
8297
9907
1212
3831
6273
2770
2427
390
6267
4465
3151
981
1233
297
5563
7015
162
6230
4956
7891
3671
487
6102
3404
5373
334
713
5196
8932
4022
4142
9577
1379
7508
3156
4521
757
7349
6929
50
4292
3303
4359
3978
2448
4101
2726
9629
8044
9386
8823
621
454
4183
5724
6452
3793
9711
7010
661
3521
4495
352
9040
4994
9931
7935
8884
2165
1668
5909
9086
4535
8389
3583
6720
1776
5549
8875
9853
101
6935
4223
5233
4539
4308
3258
8222
8249
3195
6677
609
1864
8103
8118
8978
2202
5742
865
3850
6452
7409
8410
8447
9433
1583
6523
1131
5684
9349
1950
9147
9585
2672
5417
483
4489
7731
756
751
7897
7636
4535
6420
1806
336
4020
532
1022
1551
2622
6528
3894
2370
645
201
2460
3001
5855
9663
608
8769
1813
2778
5140
5786
695
1687
6485
8615
5885
4698
3364
319
2987
1890
950
6128
7711
5290
3940
1683
2795
699
928
7498
7641
4319
2837
8198
7600
6288
5753
9174
2402
2895
2450
6313
8687
3409
6113
4549
6250
4771
2240
480
6325
9151
3588
8443
4379
2903
9663
2046
3514
2093
3765
4174
2924
2789
8952
2315
9568
6322
1426
5495
2858
1549
5278
177
2259
7125
3924
1247
9822
5152
1359
2474
2489
9487
5021
9955
1676
5919
7330
6516
1729
3900
329
8017
5216
1808
8681
3132
2901
2873
4735
2504
240
89
3646
2374
3609
9335
3728
1867
8974
5795
7847
9587
5179
998
9556
4798
2933
7303
2979
2120
9923
1050
3153
7399
1545
356
4779
2845
9330
4697
1765
5373
9449
4854
5988
555
596
7355
4665
4764
8862
1440
3434
2061
4496
1160
8606
7855
2827
8947
1156
4031
8052
4861
4241
8612
5484
5092
820
4290
9643
5399
5224
459
3929
5593
9269
7701
1561
4613
6963
5991
5634
4204
3885
2253
6042
6233
3406
603
1217
4502
2570
1117
5816
3496
7243
1149
6253
9748
6791
3998
5300
4853
5866
7061
6147
8422
9558
6136
2330
921
2403
1054
5469
6170
5220
6710
7615
1102
1480
1668
4029
5093
5817
2246
5204
8446
9717
8693
1328
9082
4295
646
1122
7384
1282
2240
3452
5024
3129
7800
2524
7787
5645
3304
740
2863
8819
782
8946
4073
1377
8528
5825
2179
1494
3150
9722
4949
3635
8464
8840
967
3178
3982
1127
8644
1969
2142
8296
1931
9107
9640
4052
4927
1203
9686
522
1183
8734
4743
8087
3871
5612
7570
3201
2229
5106
392
6736
6528
5160
4386
8073
225
578
906
7337
1006
1261
2613
7482
4284
4392
2429
3621
58
7772
6781
7412
7405
3289
2454
9090
7125
7422
1647
7042
5022
9540
6841
7305
3602
6200
496
4345
9772
9524
3917
8075
360
7001
5496
247
4950
3643
235
3539
5422
3465
3394
454
1405
4423
4239
4440
8989
1130
8698
6536
4579
7135
6005
4537
3393
5224
4525
90
4444
7252
8476
4641
5080
2474
5980
1715
2847
8978
6838
9490
6528
4896
6936
5315
9188
5790
5941
3371
5084
916
5159
5702
2903
2391
1520
2276
1184
2683
6189
1281
8371
358
4619
4783
3680
4755
9284
2609
1080
4720
8338
118
2340
8933
964
7873
9750
3184
7614
7649
1159
5905
7738
4386
9055
9695
93
1359
3827
6518
2133
8289
5160
1438
8302
8185
8293
6649
276
4214
3351
5384
8242
2644
3903
1930
3801
449
9302
3731
4860
6877
7712
5
1736
9997
2798
5197
3249
9852
1901
9564
984
4655
4317
3504
2537
7811
9548
3343
9600
9590
9360
6960
3083
5006
9011
7190
75
4170
8200
1049
4276
1267
461
3474
1380
7246
873
2067
2400
5329
1284
689
6826
6783
1302
2240
3663
6098
2663
2777
4620
8276
230
3306
5233
4730
3558
8810
7934
5854
7810
935
3306
6647
4944
2078
5890
5095
2435
9783
6494
1249
667
538
8319
6132
4904
4273
1061
8633
3196
1548
5933
9013
238
2075
4360
8091
682
8492
2822
8321
9125
1265
4321
5165
3327
7965
7431
7117
769
4091
5695
9840
3206
9242
2588
4915
3510
457
6591
3756
2238
9931
9638
4189
3019
8583
9731
2357
2004
7664
5048
521
520
1467
1230
6346
9804
4354
5733
8131
6743
4644
7510
1794
3865
9558
3812
3472
5189
4347
8289
2351
3840
2571
4236
8655
5154
147
5751
6444
5849
9032
3095
6728
4540
3513
310
2081
6445
1137
7442
9774
552
4262
8264
7995
8312
7505
2939
4798
3017
3802
8382
7078
7432
2751
5986
8384
454
7296
920
3829
1195
763
2488
3683
7352
3423
9914
6437
1285
8879
3762
4114
6025
7621
1353
7120
3863
7488
7638
6162
2325
9675
155
2869
4344
1387
5372
2675
7980
5589
2042
4690
4848
9002
3102
6669
6414
4161
9953
9532
3207
6431
247
6194
2269
1573
3677
1619
7386
1269
7832
2464
2382
9378
892
385
2854
3380
5550
8909
9127
1589
2673
2201
4459
4107
3916
9195
802
5522
1053
6089
5433
9525
3959
8275
5176
6777
7095
8634
3493
9671
5125
4795
8103
243
21
1676
8277
6669
5548
8018
5484
2964
4928
1693
3823
3330
4329
1489
7881
8
3492
7249
4846
5942
8166
3001
5455
9079
2396
1176
509
8935
8753
9928
788
5186
1578
6108
8873
9723
6395
870
5887
8293
8364
1138
1330
7202
2086
2594
7206
7317
6760
1526
9114
7878
8998
2855
38
5842
8544
4241
4148
9003
1777
3115
651
6147
3630
6596
453
4433
9294
2540
595
1934
5865
988
2439
6975
1305
9523
7134
1311
8077
4558
8704
1831
5069
5714
2720
9325
2423
2009
7903
7271
1096
1815
2957
9018
6614
2584
5855
964
2138
5609
7372
4817
3771
3439
8961
222
2645
5415
549
1128
3177
7051
1158
8400
5518
1278
6546
8669
6693
101
6674
734
1226
4625
3265
939
2278
7805
2170
5430
7121
1472
1983
4084
1845
5648
614
2082
2623
5700
3166
3701
7918
3283
8495
3234
6301
2782
6111
679
8141
6087
8049
4436
2027
1949
1672
841
5058
3829
2970
3998
6825
3382
6000
1353
1005
4129
6073
2911
2377
5020
5549
5962
5009
4281
6063
9795
447
5815
8092
3805
4964
9653
353
1006
7488
7406
5225
5066
7837
7590
867
6157
4918
8319
914
3349
1013
1352
7118
1450
5577
7699
4183
4795
7782
6018
7098
3143
3031
4301
5341
7284
1022
1010
9412
3919
1036
5449
2166
816
6493
9155
7897
5369
5322
9775
8617
8588
8642
7160
7000
3574
3890
734
1536
7628
8257
2288
6964
1056
8105
7235
4612
768
783
5314
4671
3483
1092
8898
2451
7393
7748
9008
5296
8886
5195
313
890
8178
2023
5909
4477
6568
5369
3025
7067
2529
6725
3544
4049
3493
8585
3406
1512
869
3947
2633
8615
6679
7738
7148
117
6207
8774
8289
3804
4935
4476
6674
1609
5387
186
4915
3008
7091
2977
7264
1821
9886
7512
7711
9397
6535
1868
7938
1771
9143
8997
2027
7422
5127
452
1596
2847
7631
6329
5706
1601
8144
9249
6669
8089
9323
4189
2263
8453
204
5214
3342
9369
9942
1660
3176
9348
7516
7333
338
8929
7929
1842
1309
3050
3261
8837
7269
7862
277
6687
6591
883
9622
5327
383
4079
8325
7909
3091
7216
3846
6884
7248
340
4623
4037
6727
562
7336
3224
9779
5519
3041
4326
4433
9245
5583
5234
6957
2430
6165
2542
7813
310
2572
6585
1276
126
3823
5958
9837
6661
5317
3720
2426
9649
8043
73
704
6291
9357
1898
9304
7945
4305
4181
5517
3581
6817
4110
2613
9626
2915
9624
111
5150
8918
7987
8071
187
251
7603
6488
440
6862
8093
6495
5557
239
4074
7927
2203
98
4318
1735
9458
2959
3906
3188
1660
1142
493
8324
1550
2771
4065
9937
6943
6873
5250
2773
1017
9087
4177
6664
7981
420
3175
6916
6835
2416
8253
5025
5343
1896
8456
2610
8590
7837
5682
4394
6272
690
5187
5004
3200
5817
5711
735
862
457
9193
3242
8749
7997
8837
3953
7944
8908
1706
3772
9872
6352
1446
1520
1697
2917
9644
2253
7571
1120
5209
8420
3435
8650
917
4898
3793
1912
8644
7117
6237
4552
5788
2713
5419
3290
6160
4312
301
2072
8747
8796
9551
1556
1241
3802
8790
7245
7535
4749
7010
9229
3339
5892
9619
4209
9718
8761
647
5878
4021
5903
4785
3677
895
4823
6454
7354
6937
3295
752
8751
4573
7864
757
7648
5801
3090
6754
8659
9604
6982
6113
566
2171
2464
1387
8588
6794
1895
3078
3285
3638
5466
110
5337
695
2872
8114
8577
8066
2780
5398
5715
8596
3379
9190
4360
988
7212
8202
6395
9375
3772
5508
4768
4351
6666
7158
6558
1029
4621
865
4906
6875
992
7737
9938
2342
1759
3876
1667
5073
5218
577
2792
2741
6483
1045
1359
8932
6508
1040
7289
6725
8354
62
1502
5881
8792
7626
3515
7372
5394
8029
8938
5543
4535
5476
3387
6547
8881
2784
5044
1496
4549
9318
4578
3955
1849
118
283
966
6247
2793
3426
8313
2733
7156
1718
4974
3821
4762
5336
5058
3624
6701
1191
5759
9906
6084
2601
5903
3922
7689
7688
2651
2889
5657
4902
642
7852
7422
4703
3893
4927
7050
1834
2799
1488
3993
9387
5233
3741
2185
5672
4059
6212
7254
5638
5015
2485
9438
4655
7040
309
2499
5762
3696
5762
5567
456
8358
6478
929
5950
614
1930
3173
6852
9019
7344
6722
2865
2168
2029
7773
9552
8188
969
4748
5627
6275
2932
5108
9778
153
7583
387
6936
985
2164
8458
2715
3892
7796
4306
4174
3150
4571
848
1716
5170
1953
1299
1339
6741
7391
2089
7251
9256
4684
7297
5578
7271
1220
4460
8805
6126
8820
2893
9884
3275
3044
8127
1731
5903
8641
3766
9841
5423
38
8829
239
1895
3846
751
6430
5085
1689
1889
821
8707
9025
3340
6870
9526
2807
2328
5420
4692
9095
1620
6084
9866
2981
5091
100
1243
6794
9568
5756
4925
9439
5826
5000
7454
4437
538
2399
2420
7934
8505
4411
7729
955
2575
8805
6229
1491
4446
7452
4638
893
13
4898
7642
3803
7416
8675
2301
1267
5509
2483
3198
2138
7345
3619
2891
3887
313
2448
5837
5170
6709
7368
6471
9359
8766
4697
6184
7099
9984
8360
2352
8538
9611
139
2351
2346
8484
7988
6504
1599
5768
4154
8708
1388
9264
3557
1299
4091
2831
1878
4126
4377
7641
7489
7272
9697
6910
4808
5795
3507
7140
9669
3358
4289
2611
9795
540
2038
4185
9658
4960
563
3518
5797
8676
5655
6418
9458
6137
4219
6562
8149
9161
1255
2089
2457
8888
1220
7795
3460
2409
2447
1949
6166
9485
4279
7144
1006
5862
259
6925
5145
5017
4115
3114
5768
4242
305
8858
5372
3522
1619
6387
3329
8803
3681
665
484
5548
3165
2464
6771
9471
8452
5678
4879
1600
4351
1695
3616
8609
598
946
9206
328
2050
2289
9575
9858
9565
2190
7769
2880
1641
7064
5214
2304
7801
7981
5623
647
4448
9353
8087
5737
8772
5325
2357
2699
8447
7515
6141
2448
882
8110
3396
6464
8485
5222
3397
6151
7903
6513
3293
505
5503
1125
5424
2755
693
889
389
1629
7744
7812
1333
4411
5381
3757
4651
5619
8648
4769
1385
9801
3275
8643
8743
2277
3168
78
5352
7958
2636
4854
2971
4176
8042
6829
7930
2865
7064
9905
4819
5986
3426
7938
5713
9177
6282
2834
7494
8267
609
453
1639
4414
2037
3159
5764
4108
3558
3901
2802
9347
3238
2099
9159
4458
5261
565
6450
5070
758
3753
2964
4667
1530
2217
8319
3670
1863
4415
6473
6311
8748
8970
4477
8116
644
3421
5534
9384
316
6438
9305
4754
5411
5163
822
2474
2701
4704
1322
8622
7475
6150
7581
3899
8171
3469
8099
1623
5968
7994
105
2443
4126
5428
1773
3694
4684
1544
3514
8477
38
4029
7471
2647
5621
962
9787
4228
1854
9091
7016
7365
1476
4890
369
3606
2698
1889
7728
6672
4585
678
2904
4044
2090
6184
7436
8434
7761
7950
6187
543
4103
5255
649
9765
8514
1036
7099
9772
8211
3393
190
9078
9851
4938
9588
464
3755
7466
6844
4725
3031
3927
7709
941
5302
4810
8495
1074
1416
6930
6934
5731
7476
6520
1467
7889
3853
9501
5753
5143
7361
3903
6369
2678
3486
1930
5931
4974
5265
3372
2233
9641
4396
2513
5289
2642
7475
5309
1112
1187
8052
5432
2829
9612
8209
9523
2713
5775
5514
6712
2713
1975
955
2272
7301
6169
4640
751
9417
339
2273
6489
4925
7826
1902
9416
6866
6479
1560
757
9148
1033
5049
2164
3383
2222
5009
6780
615
1730
1774
8963
16
8003
5319
6809
9630
6099
6757
8043
9954
772
6575
5272
5994
1538
7920
8352
5676
633
3223
1895
351
2664
7419
5449
2085
4605
7401
7144
9513
4192
3995
7537
4209
4284
2503
6525
3312
4936
9953
5203
2571
7267
4094
8379
1029
9358
1494
9533
2378
5491
7829
9383
501
4675
8942
1405
5310
1038
5708
4091
7171
4699
6615
7446
4881
4392
5871
9761
9583
5483
4137
3676
8199
3494
6643
6182
739
5369
772
8467
4112
6114
5429
472
1665
6095
7255
7091
4019
516
8223
6584
9592
6984
8357
9175
9763
8314
965
9897
3135
4161
6047
9656
6299
1984
2593
2926
1030
905
2047
3526
5507
328
3836
1231
4633
9920
120
9647
122
276
7254
8244
5534
347
3673
1862
683
1142
6170
6712
5731
1198
1225
1101
4922
6790
4765
3639
995
2304
6409
4666
3334
9819
654
3183
7344
8250
7543
2981
4694
1280
6949
850
5239
1975
7303
8680
6094
3777
7861
2946
7681
6165
7065
621
2617
1851
5339
2644
7790
2179
1256
7267
1357
8607
9614
3613
4793
3552
1415
3145
2732
4926
8111
743
7800
5186
4595
4465
2687
6525
3576
4620
4267
428
6341
2446
5883
8659
4335
9401
8346
5749
5759
7253
1533
8166
6001
8524
3993
9640
1820
5983
6943
6177
3033
5911
38
3902
4818
3781
1699
9313
8600
7626
1110
7509
1809
9730
2244
450
7948
2555
1757
2444
3890
9317
9866
7238
6379
2913
3109
1476
3706
6987
3604
1566
7318
2324
2243
7776
4822
3944
2541
3838
4361
1599
8007
6037
7631
6063
505
9341
3975
4702
250
2698
6005
7493
3334
2738
927
9104
3887
6585
6565
593
4750
4567
9836
8261
3556
5180
1237
8479
9233
2346
9278
3712
8992
7776
4596
9080
6749
4583
8035
9141
8948
8132
2445
4250
408
1838
3858
6044
4620
698
2594
8294
1361
6659
5196
9628
685
2373
4642
2828
9700
1176
7788
7040
2774
9993
8501
976
5765
1876
533
997
704
3278
3932
40
9921
3263
904
3961
4512
9597
7044
4172
5842
6819
717
8813
5186
544
4289
3204
3273
7148
7222
5204
1021
3046
1509
9373
1604
9336
9009
2897
2419
7036
4936
7844
7319
3400
1236
6332
463
8708
7870
3848
772
236
7665
7245
566
3489
2918
7691
1061
5082
2049
2527
921
9465
3847
6834
7470
6280
2043
686
4543
7569
4644
2640
893
1629
1995
4505
8909
6324
6758
7326
1548
867
2525
3232
1599
4236
1990
3190
8171
6519
8673
8582
4525
151
2130
5330
968
8663
5846
6271
9369
5042
83
9521
4568
4114
4417
7747
2781
6337
255
9587
3533
6971
3364
7161
9680
2181
6323
3799
1503
4854
1114
5548
479
4771
4487
7475
5973
1929
1590
2393
1685
8739
4028
380
7979
5868
1753
6894
5285
9054
4174
3449
267
4969
8107
5756
5116
5519
6323
5860
3990
8972
2911
6438
898
1027
4907
6472
9866
5923
5297
3583
4439
2968
7872
3827
4859
9518
7848
8959
3384
8961
8101
7349
2667
6272
1558
1678
3577
3375
7721
4431
756
6123
5189
6823
505
1897
5331
1765
7386
856
3993
4454
9603
9925
2004
4508
3307
460
6562
5210
4585
3132
3994
6332
2800
5140
2440
8659
7577
4985
7145
8318
9835
5881
8239
4852
1866
7034
6129
8942
1737
2636
2547
6194
6749
653
5613
2937
9775
603
9146
4802
7773
9428
2304
5248
4191
5993
1078
1038
7665
4929
743
4643
6705
9818
2098
6657
167
4970
2459
2631
3948
8307
9602
3782
7640
1893
462
7568
2236
4846
709
7420
5577
8044
2058
582
6699
4323
1556
8836
8645
3658
9447
212
666
1312
8754
3441
8565
5004
1700
1764
1494
4498
2299
4246
3258
8321
1275
9955
709
3321
1799
7691
2799
1898
3071
4483
9688
8951
7350
5464
5497
2186
3646
6883
3145
4737
7810
5976
504
6950
6768
9721
588
6924
9154
7527
6709
6213
5624
1336
7919
3792
4611
500
5188
7664
8448
8361
715
6120
9551
7199
8801
3011
1790
7510
8802
2880
1207
8075
7876
2570
9700
2250
4897
8309
4554
8253
4927
4260
3129
1362
7181
7928
7022
5370
5340
243
7474
5998
9799
8459
5859
2716
9041
5210
301
1168
1258
2929
4101
5454
1693
285
2866
3915
4409
3714
1288
2011
1786
1220
2274
9188
6899
6788
6651
8098
2587
5047
6906
4324
4625
7667
280
3444
3117
6706
4574
9076
3508
3401
79
4644
1431
9682
4928
8672
9785
9814
1168
6181
6363
8951
7608
9428
2294
5720
5584
4159
836
1952
8986
7361
4972
5715
7360
7499
2440
5169
4933
2520
3781
4091
4554
945
3926
2127
896
3565
8612
8757
6389
7968
7078
1473
2541
9509
5497
6585
8638
4774
6877
5313
7064
5128
3612
7890
5247
1859
4184
7033
2871
2271
7023
8043
2490
3595
5661
9286
9640
5606
3631
7859
2508
6048
6511
5512
2663
7435
177
9386
1484
2171
9209
6463
1447
300
8070
3521
459
6243
5871
7039
3990
8381
2777
1822
5939
915
962
7756
4555
8127
3677
8469
6873
1304
5754
1902
8297
4473
3585
6767
412
81
8411
9566
8395
4307
4510
7622
6181
1565
5955
2119
9352
9461
5029
3334
3336
7279
1687
6197
5326
6668
6594
8654
5839
237
6603
6472
7447
5669
3262
8732
5603
8028
2505
898
297
8464
6006
3732
404
1045
310
6868
2703
5165
215
6201
5901
2755
7426
7621
2851
9873
4051
5314
147
3810
2470
3674
8118
6098
2794
2118
8885
9089
9253
6894
4259
8198
5652
3328
2986
4960
4845
9595
4353
9096
1795
5195
2967
914
2597
3247
9856
4387
8196
8101
2857
9916
9838
6984
7368
9412
6012
1104
261
8612
2644
3864
7551
8667
524
3612
7148
6274
380
4545
7969
4794
3918
2814
5354
4737
6885
4344
8183
4756
2103
5596
7076
5742
5737
9222
7859
495
229
5310
5415
2888
1722
1874
7680
5346
6705
9982
7198
4382
4455
9287
6979
4983
9772
1528
4970
3508
9750
6452
6494
6521
3954
3290
9081
7533
7513
7063
8426
8519
507
1637
8337
5953
