3611
12394
9006
7457
14700
3458
14913
6502
7572
1357
6377
8172
10015
10964
9097
3699
12961
7045
13286
1809
11276
1698
10689
1156
187
9023
10480
7986
1
4434
11907
3820
273
13190
7870
11273
507
7376
7800
4934
1215
14562
1662
12556
185
101
9716
10306
8217
1977
9937
2545
4893
3344
3798
6271
4758
10105
9948
5410
11092
6057
8279
10246
2807
12187
4458
6818
4179
296
6608
5813
9222
6602
9188
2054
2458
9554
1478
5161
3730
6025
14987
5165
6890
6508
5079
7690
11399
10984
8378
2832
5744
6197
11524
10282
6384
5080
2446
5618
11193
10416
13711
10174
6407
7953
10415
14320
11774
1663
9252
10971
9872
370
9374
2457
10583
824
10881
7249
14484
3841
479
3454
201
14164
14639
5907
9617
4254
13406
4003
962
12906
8280
3197
1652
932
13867
9540
5737
7624
13489
6668
10129
1944
8208
12472
3088
10930
9479
8113
1806
14767
415
5705
9956
10888
1683
14230
4494
8740
7334
13737
1201
3516
10256
14526
1090
3151
3508
9735
1776
8121
14089
10569
3623
646
11715
4007
9434
4717
8277
9853
11228
11751
8174
13229
227
14711
5685
11653
8370
6851
6994
4162
418
9769
12930
4918
14260
3189
11198
10564
12685
10662
11105
13172
12502
7881
12020
5458
167
9820
1888
10105
4168
9437
3224
6133
10740
13963
4424
3598
4970
10130
477
10513
5625
1308
2987
10656
4263
7195
7069
6401
13862
8275
6940
12500
10596
9588
1063
6173
6045
3685
1284
5034
4695
1132
10112
3711
4986
9530
6328
1317
4738
515
12045
10113
4930
1491
12398
10520
14135
12700
3980
11688
13638
5036
2687
13250
11923
2891
8936
2532
6751
9027
2603
13667
9933
4480
1484
10581
12025
3263
7770
8852
11901
9218
364
2855
5482
8121
2239
8354
5327
13773
7601
30
8417
3773
9605
12020
13055
10484
5531
11930
4809
6114
963
6448
10781
6550
2374
9844
9533
4613
9530
209
4128
1540
2200
3734
14403
8674
12011
7243
3356
4329
13806
2271
6323
5195
1091
525
6406
9032
972
13380
4471
3685
12568
8197
14236
12177
700
10472
3034
14882
3842
3551
13359
11621
3091
3732
13731
890
6413
8878
6906
6429
11577
11486
8889
9600
14251
8529
7770
10734
8287
1422
2685
13858
14245
4343
13853
6726
9968
3188
7325
12385
5616
12906
11525
5840
6722
7747
8749
12572
3849
9000
13156
10788
8340
12377
13957
17
6692
11948
207
5775
5807
5300
14912
10260
10214
1969
6813
9401
14407
2349
3136
1717
6400
14479
687
11153
8449
6288
4509
14334
12516
13971
8455
10923
13516
5682
277
12106
5479
3491
1770
6594
50
13745
3962
8799
12223
3727
5888
8677
6853
6719
1937
1108
13997
2481
10760
6133
7108
5695
12511
9787
9978
317
6567
11805
13973
9830
1956
11304
915
11585
4567
6153
2378
4083
11521
3015
3806
14270
8009
2751
9998
10430
6379
6161
1595
5796
13830
10592
13279
10636
13271
6511
6677
12561
9023
7559
9163
6257
1366
13085
6129
1435
786
3960
11557
14236
9856
712
10604
2784
11926
474
8102
950
7938
13984
8895
12405
14827
9389
5830
7434
938
158
1180
380
8996
10964
13986
4534
151
6950
2839
13419
5182
10700
621
1761
7563
9230
4287
11163
13272
14883
2881
882
9922
12765
9636
990
11499
2809
6677
13855
6907
14052
10160
5128
921
13889
3630
891
13683
8808
12520
5919
5344
4120
14639
11725
94
4293
9418
8275
3734
10861
4043
11367
5248
6324
5590
11662
7915
3543
3415
2293
2373
14629
14311
11907
3644
9402
13027
58
5383
8149
8201
6426
4772
10017
1719
9318
11614
6145
9858
10402
1802
6876
13592
12017
11342
5873
602
4798
1031
12004
7466
5904
4350
10485
4405
11409
12015
3050
10452
1455
2317
387
11677
9249
9269
1235
11513
12654
9341
12910
3938
11310
3441
9782
1947
14212
5482
3640
12980
7123
9315
8651
10904
12198
7506
14560
11916
7020
7014
413
5335
12888
1891
1148
12825
2039
4672
1353
1841
3962
5041
10704
3351
14011
11646
14221
8778
8228
6183
14109
6046
6034
14970
3017
6638
11857
3523
8171
3867
5642
3918
4640
5206
1559
4940
3694
7448
264
5312
5855
5923
1909
2365
156
275
9451
7262
637
1999
13852
3673
4828
695
14135
5921
12193
9977
14494
6286
14528
9107
10238
2099
1735
5511
26
13028
331
2094
2800
7338
7579
11506
6365
3917
1028
517
2724
11933
9523
9727
8761
604
13073
5688
1340
14507
11680
10299
14225
12824
6276
7882
4213
7465
12997
4500
12171
2152
12081
4016
8580
12770
11526
13716
3356
1469
6365
8119
5785
12718
7634
14455
14031
6309
14784
9431
4767
8365
8401
10065
6
1300
6699
9596
3873
12475
215
7210
5470
2530
12747
2969
8006
8004
2894
13444
5703
2786
11627
2749
2694
6550
13967
8289
2538
8590
709
12727
3483
12891
5953
11223
11072
7190
3594
1684
13256
5022
14488
14653
985
14680
7180
12621
8261
347
4183
813
10202
654
6051
5859
5960
945
2701
4194
10717
8117
6172
13949
7932
10889
3092
3009
4029
562
9515
13454
1502
13253
6325
13033
7342
6700
1658
12577
9186
4412
5388
12836
7777
3935
8999
12726
9866
10498
89
8166
1045
11829
3586
68
12335
7986
3917
13090
5575
10060
5099
12383
12181
9134
1665
13458
12578
4604
6152
14065
14827
594
2874
197
3703
4464
8540
9746
3144
10862
479
7944
4638
4226
13457
6577
14055
9699
11704
7808
9459
4064
5647
1322
5587
4298
6065
452
9841
2507
14657
6648
11619
8946
5916
13357
14577
2453
2719
11665
390
4985
14522
8070
12276
11448
12326
5567
944
10207
7266
12110
7844
9371
14833
3571
13507
12072
1976
1906
8247
12622
13363
7250
750
10544
7743
12118
6707
13970
7642
1241
4713
10478
7463
2419
8787
14587
11901
5274
3358
12779
11367
3583
4072
4344
11686
11695
13721
3410
8779
410
13543
4295
4985
12091
5825
10191
14782
4237
1121
10563
11915
9902
14532
2362
833
14434
4502
4311
3771
10615
13742
8259
4778
9424
1721
2290
635
5425
13746
14541
501
9254
6631
4203
11351
3104
8343
8380
12166
6549
2831
12852
8700
14355
259
12881
3004
1601
5890
9849
13018
4777
11827
4258
6168
2910
2772
10255
8338
6550
777
420
14403
9948
14185
10055
11873
5501
10780
9587
11091
6364
2656
11266
6427
148
4723
10750
4502
4090
1091
1044
10527
1269
4033
8893
13444
2267
9772
13035
14257
6129
10882
14756
14544
8334
9841
5982
7435
765
8428
13599
11616
10629
4121
12504
13194
8470
639
310
688
4818
12741
3012
2151
7430
501
6448
10635
13364
13991
1664
10987
3159
11970
5441
4457
1809
3837
9556
6929
10260
4116
3462
13953
14699
2910
9498
9159
6660
11419
12684
13937
4214
9347
3741
2660
8121
1730
14470
14704
1837
1503
14427
11571
10154
5724
12086
7378
13793
6447
2381
8799
8855
12351
8745
12619
9828
9227
11284
2212
12499
6860
11030
2506
7208
2194
4419
9396
9800
3668
8740
6832
3218
521
10041
9415
6945
6836
3841
5302
5242
12053
8253
13065
513
13513
5567
2722
7138
7179
4482
5823
11670
9740
7382
14570
2773
262
14466
7177
4378
13479
8190
1054
14391
5993
12949
4097
14213
14446
6195
6418
5176
12128
12881
14579
1198
2471
450
10745
10322
2067
8744
5579
13593
953
2520
9762
11496
5267
2943
9953
10744
7688
5119
7775
5216
10035
9443
8031
1069
13175
5371
9065
6895
11031
483
14057
7803
6835
13230
6372
1993
11047
8939
8299
1377
262
3505
6697
10295
3773
9253
10726
14728
8298
5236
14102
13776
6522
8063
8204
4658
6233
14803
551
6451
2597
2769
2231
11683
6404
14753
13145
5641
7235
14821
13501
12714
3984
3285
12721
4757
6311
7800
6334
5790
6009
1233
9592
4093
8683
11765
4580
2458
12851
11503
10073
7624
13589
5198
8537
4571
4531
11717
6097
9495
10299
14740
7964
9206
9370
11496
6806
9846
8038
10308
7260
6189
4394
13481
9761
2457
7330
3146
5346
2960
13590
9117
10675
97
9316
8046
9275
7742
2990
14150
7010
8151
10490
5475
14820
10571
7264
9757
6981
7957
7342
2909
13779
11081
12111
6025
13115
11234
5611
7656
3540
921
9448
4903
12608
9676
12038
1389
3545
9912
11056
9906
14624
7044
9165
2054
1280
2269
3222
2625
2242
9263
10579
7247
10665
6495
12975
11045
2717
12634
5882
285
14445
14936
10860
3417
2901
11571
4246
11776
8655
12038
10653
554
2590
5644
2336
7762
1294
10431
4609
10335
1304
10889
14632
13238
6049
9586
10403
13744
4625
11310
10266
11300
13553
5650
13062
1825
10509
3971
8386
14297
14530
14900
12745
9181
1041
1186
5711
13177
6841
6853
8988
852
1243
11077
6675
7071
9255
13126
8785
10583
9804
4218
14280
3977
14356
13050
8659
9201
2677
2920
9148
11630
13252
476
9249
109
7117
11537
8989
945
7805
1412
1195
5468
4864
7600
5270
581
902
10512
10987
14286
2505
14706
10088
5040
14402
11156
14782
2061
11345
3703
5449
2658
6130
7868
7008
1879
3828
7791
7312
389
4134
2655
12931
9243
659
2102
7326
5332
9812
8115
7496
10024
4404
7650
4174
13973
6719
4221
10571
9699
5355
5961
3093
2121
12657
5712
5659
6623
6405
11390
10482
7041
14280
9466
14399
9460
1903
10035
574
3480
10828
11396
8329
12434
218
6798
10053
8157
2615
1952
7486
7628
5954
197
10763
8087
4411
5619
13780
13760
11562
6395
4752
13777
6871
12794
13875
8107
14289
7883
9476
5229
1610
4710
9420
4624
9479
14641
14994
11875
12550
3138
14404
7199
13896
12182
11296
857
3029
11985
8937
1319
4255
5874
2509
5513
4071
1970
3251
9134
9044
8810
1778
2128
7642
11638
6364
6789
12086
1793
3129
12498
2568
718
12024
70
4441
3752
11280
9153
2708
13767
5189
7519
12769
6672
13991
5509
3172
13927
1764
11487
2829
12227
12557
5195
7688
14543
11965
4934
9612
2409
3926
14320
3265
0
12470
5334
12610
8687
3103
12061
2586
14512
12605
4982
3172
5471
1896
1586
6354
6468
4625
3411
7583
3268
4321
10116
7336
7765
468
10958
2140
1540
12997
11192
1613
14397
11723
2731
9431
5502
10457
7583
6093
13824
10188
9790
6163
1883
13029
12187
13013
4030
3894
10229
14447
13063
11481
11982
5286
9229
988
11626
4507
7055
6377
5055
13560
3360
9258
3632
12635
6274
11697
11541
3279
5732
7566
14939
8290
5666
6082
10468
3626
12088
3567
7850
8576
4618
7650
6565
9614
7850
9801
5126
8076
3487
14031
12455
9358
12838
5391
9882
13754
10488
4365
923
4990
14432
4687
4586
10966
4479
8202
11881
5643
14334
4353
10294
4791
7447
12304
10605
10300
6656
1016
10694
1508
5574
8179
13182
3444
9282
5830
4868
610
9914
1207
1091
12573
5583
14868
13087
8979
365
12706
4782
13629
1461
11439
9700
9655
10387
6751
9698
508
10892
8803
829
11527
14017
849
1071
564
12528
13116
7172
1068
6757
2363
6098
5519
3501
13015
10373
11676
13130
12870
71
2908
288
3838
897
12501
1002
8803
14665
11298
8058
14368
13744
5920
1052
4772
6926
1995
4117
5140
12259
566
9589
10943
685
11130
9974
11799
5234
11886
7024
1866
11025
6381
3555
5240
7913
7885
8976
5119
14981
91
9413
7715
13530
9243
3643
1465
375
9357
13948
4330
13520
364
8494
2333
9311
10345
10735
13933
2631
12508
2445
1482
2158
386
14779
11451
47
12930
7049
1313
817
1745
7881
7670
13672
8053
6497
2932
3838
6631
6026
139
1877
13081
708
10682
5651
1823
12076
12823
1763
8955
1883
5633
8820
4272
5940
8922
5424
2456
9177
12299
13091
10561
2010
10895
1926
6546
14052
4609
13263
11251
13482
14082
12447
14226
59
14522
3184
1378
1191
8912
14912
13038
4535
2253
4870
11588
2400
13106
8568
14940
3812
4721
14158
9487
13629
89
4487
13077
4575
7596
5847
8278
6337
1323
4369
9394
15
7673
5695
11005
4783
5204
11099
8522
12869
14432
5144
13216
9030
12781
994
8426
69
5849
13127
2544
10078
8761
48
10330
6885
10112
10056
10125
1650
9682
9849
12998
4179
7658
365
9212
7325
14976
11471
5826
1497
12238
6006
2674
13959
5145
9755
12397
8890
8189
2632
3510
5264
3969
6509
14478
9603
4186
5344
5170
3297
13020
3256
12794
13229
14147
5239
8523
9767
14063
13137
2987
4359
7029
7165
14572
8417
6058
1959
11769
1549
4762
1991
8238
5295
1039
3802
6637
12606
2102
8218
6531
8194
3804
11741
11625
11871
566
13855
8997
10729
12101
2445
769
14211
7247
3207
6723
10271
6866
6169
11436
3828
7668
591
5653
7807
11247
1666
7498
2768
5784
9891
11602
7147
2350
5362
95
11430
7503
13331
1632
4069
2526
2646
11735
7312
11849
14234
8524
13110
5039
190
4815
3753
1087
235
3597
11405
9179
14481
8186
14750
3108
7453
4741
789
10246
7916
11049
158
13748
9190
3999
594
9639
2769
14417
6644
1439
5393
10274
7681
11372
4634
10537
14057
12038
11914
1076
10685
5369
11461
13064
12292
10925
9997
9087
6102
449
1750
1203
524
1943
11756
5486
5433
14963
466
12796
11801
7973
8904
13776
1573
2894
7080
7307
11576
10575
7869
60
11242
4132
12136
2825
3326
3128
3952
5579
12889
1562
6509
10120
8818
7293
3890
8297
8088
7838
13772
1692
10125
5006
7947
3876
10845
5863
7685
5564
8402
11916
5801
9915
800
1017
4910
8992
9120
833
13897
3287
6899
4198
925
3228
4853
11826
3522
8052
13555
9901
7788
4484
6266
12736
7503
4513
4902
7301
380
13
1051
11538
9723
1387
4380
10178
14965
8834
1829
12323
3668
12054
11023
11647
5833
3812
7216
13874
10114
275
1237
9738
12974
7024
7173
7357
1518
994
13722
11076
8098
3013
14495
10852
8477
5514
3289
5013
10223
3859
675
7156
8093
11867
12602
14267
7942
116
5377
4185
6036
2706
5762
4140
10125
2525
7682
3201
9862
1509
1984
4406
5603
2078
5154
968
8085
1682
9635
3590
4504
605
11933
8798
7976
10900
8527
12893
10768
12775
10587
7122
2286
11742
10175
4924
9798
63
5301
11210
11602
12149
6481
4337
275
10932
8751
12320
4046
1961
14535
10167
8614
1375
2958
1022
7474
5676
10378
10434
5378
882
929
7146
12771
6457
12383
608
7469
1633
8178
9234
12126
14566
1795
14624
9685
14692
9300
13865
13948
5402
1840
10982
11851
10363
11915
9464
125
9095
11544
11549
12361
12560
10041
917
10632
11888
2094
14595
14901
5120
14557
12606
14702
13339
3314
7184
6182
6290
4963
4494
1668
14144
3395
8950
10515
5269
2481
8951
4575
12880
8428
6042
3729
2822
1453
5086
4079
12063
11137
14425
12787
4055
10138
12202
4654
3554
5793
2067
4617
11625
1681
4829
14704
3145
5219
13451
1020
12018
11826
11817
8539
12221
4994
7101
6861
9047
4314
5123
10622
3642
13731
4030
2707
12755
6260
9938
11091
9846
5220
13887
12619
13
13803
8656
14054
3056
8332
13626
2160
1302
1947
3328
1517
7385
11935
11491
146
9280
2437
5766
4863
4846
11497
3399
8600
3375
10585
11762
7599
12675
14328
6232
5232
6067
6939
9620
8977
9841
1043
3102
11995
10532
5496
6753
11569
10512
9047
3111
13084
11260
12016
5756
632
3101
7598
7599
3911
512
11427
13077
8200
2701
1000
9008
4932
13351
4182
7149
2005
5783
4524
7291
14018
1673
9549
4191
2851
3974
7765
5933
12958
4272
6736
5008
12628
6220
10495
2267
12708
12186
3112
8552
5097
4272
8976
949
12362
12044
6968
14927
1142
2768
12017
12654
4561
13128
9822
6632
3440
11743
8261
6121
9213
11855
6137
656
1863
4056
71
14397
2546
2272
8218
175
4798
6608
10509
10986
10151
13919
13637
1309
10136
879
4169
11641
12860
749
14582
590
3915
11663
11699
7176
6693
5726
9070
5126
622
3683
11610
9603
3886
6358
12198
8341
1851
4913
9962
12491
12446
1323
7768
1340
13927
12512
7981
14203
8582
12774
13603
9918
9471
13690
12996
5613
2401
5817
4477
2959
9987
5603
10261
2376
14899
4049
6240
6728
2965
5127
3420
9221
13884
8885
5567
2600
944
10991
12715
3077
14308
5356
3567
6492
1850
14316
908
7908
11662
6395
1433
11551
11764
10226
1051
7001
7551
356
2500
3306
7262
4142
12070
11699
6165
11112
10725
357
4222
10512
11302
12541
3305
7038
11352
4715
9791
10201
11862
14738
13743
64
13685
2114
9724
12142
11280
809
2459
11932
3526
144
2332
12178
13765
2193
11228
9065
4685
14662
597
10591
3699
4997
12131
8677
9984
313
12547
6230
11654
1482
810
11213
10351
8899
14967
14793
6169
3748
1518
6165
8106
2998
2890
5624
4300
668
8926
3739
11684
11881
12089
11840
12109
12908
13116
14744
8956
2936
13144
7237
8056
1560
1057
9382
5153
5119
8721
6457
13234
11646
770
6466
14011
10631
1996
4458
4167
2310
1295
6355
135
3976
12934
8135
4497
4787
10328
4129
11273
14005
14428
12811
12641
7256
14232
13686
472
5778
2774
2168
6269
3772
9436
2184
8647
2040
13942
4069
1787
349
1322
12116
3656
4936
7048
6872
12266
10728
11364
4484
11609
4307
3370
13060
9053
2151
12564
2850
5880
5312
12066
6004
9008
4752
4327
14298
4576
6646
229
10301
5451
3965
14132
9115
13172
11436
12084
6024
3932
230
1132
10270
5393
11704
3158
7044
8199
11856
13793
69
5005
3621
6674
664
1087
7961
10944
13037
6324
13738
6675
2671
14451
14600
10089
14764
10823
11458
14324
13057
4316
5777
12947
10266
4404
10070
14092
10696
6651
10007
5019
3892
6603
13540
6769
9703
5037
13792
14427
14388
2461
1251
10510
10685
4864
4796
1132
14130
3997
2140
7878
528
8909
11966
2031
14613
9648
9698
13072
10642
8854
8097
6765
10282
182
3722
9803
13423
1534
10227
7060
7180
10192
11483
12649
4684
13982
828
10386
12281
2658
12479
2949
8537
1340
7264
11313
11851
8040
9752
9726
2112
1595
12728
13804
1236
6778
2419
9316
3755
2023
14637
2238
14592
11833
5744
13063
7617
1695
13277
10535
9350
313
12431
701
8984
196
10787
6944
12655
7719
955
8299
9092
9582
4011
10379
12565
11171
1139
10432
11047
13651
5298
6214
9349
13124
5948
1063
5798
8362
9106
7638
10549
12464
9687
4778
1562
14481
13059
7862
9110
13531
12505
2529
5739
8692
13259
2471
13490
5476
9333
12923
7958
9823
5375
14007
1990
11269
4187
12178
7904
11784
6799
12900
12553
2746
4621
9137
8841
5472
5973
3312
12563
9366
10156
12366
9226
6264
4950
11884
7974
9307
3014
8258
7958
13470
5255
2278
1880
1160
611
13077
3892
12031
12880
2989
3487
9666
6547
5237
12282
2868
5252
5777
12298
142
9889
4893
7483
5015
14334
11837
7870
4010
13458
4216
9706
5940
11950
8127
5886
2145
8862
4157
13372
8611
2434
8844
5090
3461
6806
3121
2618
12754
14948
11854
4681
9285
6396
11147
2444
13460
8490
327
11454
1590
8893
11600
10910
13198
3200
1205
14389
14996
5777
973
11878
8182
13839
1558
11318
2472
6273
8339
2227
12965
5258
3955
12297
5984
5792
12274
1823
13196
12899
2286
10657
13244
5051
7704
3070
6695
2290
405
5777
2404
12568
12409
5509
10575
11846
12279
14129
6117
762
4638
4595
14857
12905
1835
1689
931
8154
8343
8162
2690
2951
3030
11803
2038
2223
7276
6230
11556
5679
14395
4621
3863
9983
1461
6580
9799
9576
6482
156
13745
11131
9671
6980
13427
10253
2659
13242
6010
12391
12847
4240
1986
433
10634
14097
8041
13886
5238
5026
12136
4179
658
2117
4071
1713
333
2913
7964
1579
380
6878
13600
881
9584
8540
5590
4282
13591
13043
6665
12416
2557
6156
11625
14533
10950
391
10705
1956
3267
6094
3136
59
9455
5486
14785
14484
445
8806
3778
11626
2640
8849
11438
3992
14990
6533
1815
13349
2922
7701
787
6484
7669
11844
14898
14192
14664
4632
12754
8077
2712
7718
3086
10393
2510
11116
13433
8682
8234
601
14763
3441
7299
1945
5615
7004
10286
9869
5505
3809
14673
7495
7582
6461
9595
4539
3657
12661
11986
5776
11863
4652
10424
11246
2857
532
5394
10314
2340
10136
1678
9461
1902
7125
1169
3627
7638
9048
6515
9790
7088
7258
6728
14779
4429
9449
8507
3980
9883
8008
873
3381
5198
687
8639
7042
13826
13269
456
12325
13492
8097
5327
94
13796
11616
10958
13498
5137
9769
3657
4254
12209
1565
4202
14765
10891
9218
8122
1221
12564
7590
7752
13712
9849
4128
4657
10854
2559
1378
7500
4136
6085
12762
10640
6567
1915
12857
421
9891
13530
3843
13220
7688
9087
13996
10940
9410
2077
13228
7530
4681
13038
5353
12716
9839
11670
14020
14034
4311
1372
1254
6489
256
3261
6424
14829
14190
12247
12577
14931
11746
14175
6626
13368
8904
5647
9494
7186
7590
8328
821
10681
3180
9839
3927
6817
4942
415
12270
4110
10703
13636
13973
2468
1576
14855
13213
3667
4430
11139
14142
10539
10978
8914
8569
3538
13577
6500
4556
2551
8108
5070
13871
6554
5090
8219
7372
586
2841
8282
9412
10514
13139
4979
1243
14393
3261
8399
10589
11844
14827
10795
5371
11123
7567
6104
14413
10645
4345
11179
8292
4344
216
10892
3495
7929
11223
11597
6826
10604
13914
12049
4568
10889
2167
5982
9989
6051
10370
6544
5494
5006
7073
2068
13412
4356
6358
13989
1275
12484
6819
12223
1656
2545
4263
5246
13401
2610
3151
6217
1415
12290
7424
9969
4695
14302
1992
14544
2774
13727
12508
5976
226
11220
2788
9201
9301
11717
3467
4197
5436
8261
14291
11684
3447
4605
2277
12200
14289
6481
9598
7316
11510
3450
4221
910
10452
5991
1696
10973
8339
12305
2558
1393
10414
5474
1520
12406
9163
13792
9401
8404
2223
7531
12693
13151
9482
4321
12069
3286
5714
3075
2448
6201
14140
10390
325
948
813
1560
8708
2338
14
1764
4037
2336
13118
2668
14681
8616
1449
4082
8141
1598
8630
6403
12484
9227
1247
14456
5052
7339
14129
14971
9881
9381
8052
1682
10077
7215
8892
7331
13089
8187
13973
13877
645
4545
8782
14982
9819
11546
2172
7166
1986
12567
11335
6207
8222
7364
10553
12623
10813
13493
146
12652
3717
5771
2682
7612
14616
1490
3814
157
5945
9178
6299
9295
1321
8344
13857
10036
11770
3049
2526
13601
7901
11803
6108
3893
14390
6687
7996
4562
8925
4398
11033
6012
5648
6895
8130
14557
10883
6051
8671
8379
970
12493
8821
14967
613
11153
14980
1667
11442
6072
14509
7831
12737
8109
5721
13255
8096
14392
5397
12845
9807
5308
7026
10734
2270
8814
928
1012
5130
5612
8291
13184
11454
9744
5246
13577
6438
13656
10171
3662
14183
2148
7164
10939
12659
3979
1148
4931
10328
433
13255
12699
12824
10145
11928
5847
10355
5691
14873
7051
11288
587
9453
7064
14891
13014
7410
1145
12208
3465
9290
9352
4837
14416
8936
4658
10222
5079
2599
596
5426
5976
10838
2185
14915
1266
2120
6153
14979
6443
8056
7863
12218
14674
14434
247
8587
8811
1293
4890
1758
3256
8404
5519
7921
10840
4300
13864
10935
6214
7919
1742
9522
11889
9527
434
13093
14731
6206
10426
13426
2081
5498
4788
11219
8766
12534
11649
7868
5684
1924
6833
6477
48
4231
8095
12597
10537
7444
3440
12601
8285
12704
4014
845
1407
4196
3076
6657
13041
13478
6773
10469
9377
13386
5285
7239
8244
11821
14155
10697
3804
13865
12785
14696
3551
4373
13938
5478
6238
9284
13223
14961
14014
11294
9894
8173
14734
9211
4240
6516
1901
7611
11877
8606
6984
5268
543
14124
7934
83
9287
8125
6328
6003
2895
10579
111
7227
10766
4296
4459
5177
10961
7651
4550
5972
7644
4679
5515
14752
5757
6802
5814
4179
11065
9682
4354
14444
3365
3019
9113
4235
1339
7926
9203
683
2175
2572
3973
12964
8685
5088
5861
14206
13353
3866
9017
4743
1011
11271
12889
10989
12109
9662
1463
11504
5474
4574
3801
2366
8700
11123
12408
4474
14946
9991
6809
9327
5413
11748
10494
11606
1237
10376
11016
6743
1868
13698
11290
3131
5191
41
10829
11120
7989
11812
204
6814
6821
6548
13331
10943
11616
10341
11801
5812
14416
7619
11863
9690
11812
4730
10308
8523
7505
9518
7310
2360
8526
3712
12023
4684
5324
10202
2650
11836
4728
1025
8080
11147
8863
529
3420
3682
341
13776
3991
12189
13673
2872
8576
3240
9680
5680
5868
5144
7381
3156
11262
1014
514
1064
13299
3614
9886
11012
5100
4542
5803
9505
13865
5361
10906
7666
4023
4668
14862
7933
10341
12560
3082
5105
2657
6894
10847
34
3522
329
1677
14431
14665
13100
1125
341
6241
14788
8914
14084
736
4824
4330
7607
11513
10038
3564
13225
2968
6503
8704
2763
13249
5786
14997
13034
5637
9455
10403
4613
3906
4649
7022
652
12101
2910
7763
5764
10439
1267
9826
8903
13521
4024
6928
10264
6182
12836
200
11556
11740
7033
4630
6604
3197
12623
8496
1871
3616
14175
1841
13108
14103
13045
7082
13069
2686
833
13031
2992
6727
263
4028
5143
956
12834
3634
7527
2234
11903
82
10725
5886
10717
565
11124
7663
14627
126
5340
14927
14258
2388
5252
9599
5922
1279
6712
9118
1376
2894
8589
13550
1388
6515
6729
14836
10920
13772
8633
13994
3637
10471
2466
8634
10392
1457
6176
2337
6514
8707
14117
6397
11245
7385
5009
14885
13081
13880
5080
8684
5751
6564
5321
12217
1285
7203
930
9485
6416
9225
4777
2546
9728
10817
8965
2909
8149
2173
1116
12976
5967
14115
11854
4759
4987
13100
2318
5900
8809
10177
4896
14785
4338
10348
5229
7082
11368
1616
5540
8084
11837
7727
9060
13518
7085
6438
1444
13722
9712
8102
13211
7272
11367
13506
5867
4896
14336
13048
6287
3145
9917
8454
6670
1251
14246
1747
13552
5038
10047
5999
6517
9300
13924
14079
12309
9026
4872
11057
10986
12614
11173
3800
6569
13165
11558
11244
4464
5124
6057
14234
4641
5681
2104
924
6252
5414
7158
10748
8524
1816
5494
12730
6119
13778
8687
8568
6201
5601
237
9230
5618
5708
12873
9086
9227
8659
7592
7086
7993
5536
928
4470
6784
12558
11583
9917
13024
1252
1870
11373
6613
13414
14123
1111
7192
7281
5660
10596
7667
11817
2103
9121
12074
11929
6583
7501
1981
14429
5160
4011
3010
7559
2668
2447
4599
9733
11366
8991
3669
8484
6171
415
10408
9867
8776
11969
8083
10582
10183
5991
9248
7708
13243
1918
14205
13072
6059
10729
6730
105
14948
7959
14095
4822
6614
3482
12275
1170
5112
13877
1223
2783
5168
2793
6112
9555
11698
1820
9235
14524
7186
10766
5195
4840
11765
4713
5007
3501
11025
14437
9399
2522
12726
10326
11620
14568
10012
10995
4271
14609
14291
11867
14713
9531
9497
10029
8698
7745
4917
7204
3406
10607
14243
837
4057
463
1697
8799
11907
10477
12230
1158
5071
12651
10074
3844
8109
1042
1113
5677
12440
14230
6953
8469
3129
11932
13218
3456
9650
9186
4997
13573
12679
267
2181
2384
12550
3671
9874
6299
2831
11683
8989
2568
1223
9913
8086
14742
5423
14831
2985
10805
4809
3796
8471
6015
8626
8597
1872
2853
8563
9123
4262
7468
10457
7918
2132
4394
245
11050
8814
6401
4990
10276
10099
14878
6946
9753
8044
12470
7012
7291
2088
4703
11223
4937
3888
894
8248
7266
3998
9930
3969
1062
10035
14723
1610
12681
12037
9272
12027
1221
14407
13981
4580
9426
4530
9445
5677
5357
3202
11122
2761
2283
739
7182
1717
3736
3178
3804
12871
13936
8224
1576
14369
12024
10353
80
293
5650
1339
11854
4603
2932
13250
5939
7317
11148
11312
12841
14323
2234
6714
7469
6194
1762
11509
1655
8384
2740
11223
12975
14379
9474
9227
4854
8207
2373
3636
14174
14166
7316
6490
3375
10249
8387
3034
3703
10821
13796
14320
4029
6433
11524
2432
3931
10620
5852
1867
14997
7395
11818
300
13234
6416
5292
8033
12822
8390
6113
11999
2873
13457
4044
3831
4792
9610
13781
2165
7910
6896
2782
8015
7358
2579
95
2802
11816
1697
2182
14935
8902
9387
14023
14581
1281
13242
563
5128
4141
1291
8728
7304
5349
14250
12013
7740
10869
11730
6016
4069
11954
2954
11982
2551
6712
6259
4095
12314
6248
11775
14827
12663
10331
6892
8821
6598
8040
6349
14434
8436
7702
3529
13062
305
10439
5269
7092
8464
11449
28
5671
13159
8665
13335
5929
8206
14534
14192
8343
14421
9608
2816
14688
9294
9003
14721
3169
1266
6396
13773
11142
47
1566
14589
1390
5655
7961
7406
13940
6556
2017
12269
10621
1839
5438
5179
10939
5808
7549
7116
3109
3599
8418
12041
3656
6305
9784
4974
13599
4574
11007
686
3362
4999
8153
8442
11070
10670
14937
4984
1041
7006
5624
6880
10232
6864
12365
5674
671
8367
8705
5115
11980
6276
5100
8455
2384
9403
4951
13368
8723
3886
7567
11868
11035
1624
2922
7077
840
11577
3802
8010
3616
920
459
13802
5874
9456
5307
8728
4681
4257
1221
1979
11047
7855
6945
1141
12787
6176
6236
59
5176
11150
5487
5867
8556
10708
14718
14793
8946
10830
1056
9261
7460
14185
1894
7630
3912
8409
11954
11258
14645
3753
14806
4477
11891
5365
7533
6150
4685
6212
3618
8138
5332
2185
10563
8744
14737
8937
11897
4403
2726
13783
13447
12374
13369
13962
1653
12865
550
14256
13656
13898
1689
7532
3031
9463
13301
5386
4020
288
9347
11868
8094
13105
10618
13061
13239
7333
7359
2618
12415
1902
1505
1440
1756
8953
4380
10129
4979
639
9016
11425
13472
14037
1382
548
8821
8589
2071
14362
11995
11061
14464
4210
523
9478
14437
3900
8735
6967
2913
1915
13755
6695
7
11087
14409
14650
11705
9425
4517
5379
6442
4151
12285
159
4034
10447
5692
7066
14022
12305
10133
9475
11569
10149
4174
13370
8403
1003
2776
9250
9459
12257
13577
4474
1828
5407
52
2237
8482
14534
3134
14049
6192
13095
5206
8381
2112
10817
11032
8827
12742
14546
11605
10469
2457
142
11459
2220
6278
5709
1349
4291
7914
7599
7631
4986
12084
7603
7776
14870
5470
9125
1163
4230
9478
6245
6020
14073
14309
12876
11204
7075
1123
10274
7585
11478
476
14267
4365
12773
9067
6856
13081
156
3746
4513
13255
419
3891
5416
7529
11346
6302
14985
12992
6942
2832
7285
4236
5144
12276
11350
6397
9351
13992
597
13316
6476
11639
10879
2730
11220
13222
4566
4578
10154
1565
9075
6093
7602
12005
1674
4131
8027
6048
7542
1312
9124
2161
955
14235
8111
1169
1066
1758
12578
13003
8519
1818
3130
12893
4854
13499
11586
9051
5468
12020
7618
14314
3506
13342
14059
12181
500
3354
13454
13112
3352
3425
1932
8199
14114
14299
5008
9753
36
2868
6273
9375
6299
10568
8148
4811
1669
3247
8982
5486
4526
8961
12694
3450
2217
10614
6121
11881
3299
9722
14879
3760
6508
3844
9507
5164
151
1410
6209
11607
6505
2499
2495
10375
926
9456
7094
11308
111
9376
162
10459
13831
1342
700
12387
597
7633
4825
2915
8508
9616
1003
10135
4181
13968
10853
4597
12206
8619
1372
12656
11532
14951
4497
13120
2380
14968
4684
796
7184
12003
10418
1286
1253
10864
4774
1873
8736
10250
878
10569
4360
13263
1508
8174
6215
13447
7189
8351
13515
13186
4007
7503
11361
6547
12523
10759
7585
14155
5905
6000
13124
13867
14555
5250
4154
11514
12394
13614
1544
10886
5933
8181
10430
5811
14408
251
615
2805
7824
2972
5497
13244
6460
12625
11805
9243
8712
5566
3225
365
3971
13443
5240
10637
5000
2901
9323
3112
3762
13969
9208
2993
13337
14148
12993
5808
11409
8386
2136
4936
12033
8785
8094
9683
13521
2425
6467
14989
14284
12538
2767
5122
12333
7138
2935
14117
6430
1009
12563
14894
4316
4107
4581
4350
1263
3570
5644
1002
11093
7854
14
13370
5813
6306
14604
11701
14153
5795
631
11715
700
14487
184
1758
4347
12760
11021
11382
5641
10132
13552
984
9795
1194
4841
12626
2890
3539
11452
197
11462
3803
2853
784
5455
4522
12832
4733
8727
12708
13045
1970
4044
6281
4640
198
241
4673
13271
469
9692
6016
8596
9146
9610
506
3450
10712
7207
12259
14821
9190
5842
9613
8594
93
11532
4343
3157
6103
10209
6031
3370
4533
10271
996
10931
11196
6323
2090
11679
4158
9428
10890
14476
6017
5079
3557
436
6494
6457
862
6370
7352
5851
10841
2456
10910
5647
2964
6305
5079
8538
8784
761
4617
442
11564
8724
13086
12718
11318
14900
6788
8436
4542
4780
2783
11765
10
3249
4686
21
2704
3345
6942
1247
3867
9683
6295
11117
164
998
12681
4629
6900
9878
2458
6280
12164
10128
807
7116
10666
1975
9988
625
10000
10559
1122
5872
2338
5271
7292
5886
13060
7628
1182
9265
12702
1544
8387
4250
3357
7129
13729
14616
6735
8973
12251
7733
3226
14427
2315
10170
617
13486
5618
14998
3340
12947
7157
2451
10099
697
1541
9497
14952
5640
8292
2588
6854
2073
10407
7257
8081
1926
14180
13294
14843
14459
12849
4791
1984
7369
5926
6900
6663
1108
3033
13231
9038
6442
1212
364
8441
2483
12253
1546
10902
2192
11178
12230
10184
1853
9702
5286
6029
5816
10981
9291
6030
3907
10432
8591
13668
8974
14757
2982
7281
8765
5326
7970
9578
13345
1532
11758
9855
9506
872
14900
12459
10818
8781
6866
11631
2805
4870
1694
14742
12236
8696
5259
3380
657
14827
14628
10816
4669
14546
12869
12931
3829
12716
10808
1419
13324
10551
3837
11937
10297
13521
6955
372
11168
7378
12899
5175
975
12697
3125
366
7007
3649
2082
80
13490
1455
11871
521
1171
5595
14675
9663
9225
6681
10592
14687
70
14195
10557
8796
3420
7893
3700
635
8831
11652
2335
4781
6806
5403
10126
8442
12186
7948
9867
14582
5737
5568
3303
3987
11228
8083
14605
10515
2748
12583
9916
8528
13092
1555
10666
11299
12408
12807
10683
4845
13163
4783
11505
9109
566
945
942
9510
852
2917
788
14035
2698
4817
13998
13882
14868
12726
11791
12451
11755
6282
11128
9532
7002
3003
1616
5026
11112
5788
12043
12774
7944
3303
7477
7561
12979
4967
9232
5165
10000
13761
5464
10922
6481
10879
2096
5898
12751
10888
4022
3922
10728
12359
6353
4053
11476
13151
11707
7062
504
480
5913
13306
9105
6912
2615
10567
12890
7169
7392
10573
2073
4042
7547
4864
3459
14533
11794
11751
80
9901
13884
5556
8553
5906
12138
14136
10470
3723
679
8602
636
4374
2064
428
411
4007
11411
1731
10134
1210
3804
12961
14620
7342
7794
1272
7667
10617
2456
14501
324
3786
3503
13758
7849
5935
11240
10457
755
7627
14072
10587
4713
6915
2277
2050
11082
12982
469
10568
14499
4847
13253
6164
3165
12376
8095
9630
5877
2781
9749
13143
11383
658
2929
12563
6309
4113
3087
6564
12008
1052
1570
5148
13322
83
11067
223
11370
10195
7929
14818
6246
13604
9250
11564
12079
1644
9183
1463
6038
9605
14661
5339
4676
14872
776
5576
11448
6597
2322
7437
7977
9057
10337
4546
10651
1649
3727
12430
11151
9641
2115
8342
13658
13452
12084
1419
14335
11247
7350
3742
7665
6742
12373
355
14921
3282
11078
216
6822
2414
6974
11232
11090
13781
8281
1456
2344
12803
14724
1988
3100
11996
9495
5887
7155
5012
138
12246
9538
7875
8360
2520
1138
1356
12937
12444
10528
6227
2121
3935
7195
9130
12814
3865
4903
12910
5551
8506
3454
1554
1655
4918
6182
9024
1457
3442
11790
4183
6526
8297
9481
12510
5097
5112
13541
427
2884
11195
4158
2512
9603
2746
9764
58
4230
7315
6875
13992
13661
7813
8976
6869
10779
2814
14793
11401
14045
5866
1709
2410
11284
12912
10771
1571
1870
13451
2871
13926
5402
9202
13615
2483
13122
9420
11907
13229
8051
4828
10747
773
13264
10300
10835
3166
941
3545
14849
11908
4623
6051
9486
8377
12545
12551
10243
2197
2449
4227
2435
8338
9145
12126
470
1730
10233
4001
5127
3373
14825
3478
4651
9042
84
4891
10153
5545
14073
651
6473
2571
11219
8250
14581
11223
8120
5178
7980
7691
8415
11839
13213
1810
1954
7419
2273
13007
13699
12638
913
7831
8051
3638
9894
7724
310
727
3808
1740
14490
7328
8758
1644
10837
1858
1668
2770
2558
789
27
2894
10700
1080
2762
2356
6468
2325
13426
1488
5102
1431
11455
2374
12630
7161
5762
8942
10096
8844
3843
2489
4364
6540
10052
5882
1930
5847
8641
1923
8255
5884
13564
9867
5749
220
13837
13217
14688
1367
7230
11352
8389
7247
8628
14999
10037
9753
12817
11580
1415
9045
14407
6348
156
11530
14503
4545
5020
5950
9879
14729
13798
11970
1370
671
3268
11119
2802
3048
1733
9999
10496
9884
10732
13146
9172
4638
4349
6131
6280
12866
3776
11366
12086
13051
3590
9632
10483
54
7768
4659
3251
3486
12720
13701
8347
2324
14135
8908
53
11899
3013
7736
422
8318
494
236
7748
4727
13770
13955
6963
5748
5397
7603
7286
14816
14813
3081
9323
6179
75
3161
5623
8399
12720
8999
10433
232
6776
2647
12395
12023
5716
6917
6866
5196
3041
3730
7935
6973
4766
948
7405
14295
14444
2969
2243
12567
1454
13408
12820
4374
14159
7852
12105
3167
6650
9229
177
5542
4117
10669
1615
7191
1839
2436
5665
2816
6896
2728
4353
1996
2656
4452
12204
13941
2007
4164
79
10637
13100
2842
7274
8041
13609
9729
10965
8643
9380
8932
6055
6914
3056
8657
12309
13712
4977
4255
8855
7144
4911
6369
4486
10578
7498
4694
2314
12060
6908
12574
504
1782
9916
2116
3313
9946
11182
1059
6053
4487
13711
3022
7086
3113
4511
11599
10778
11726
2983
8731
9831
10815
11730
11137
12571
705
6848
8477
4900
9319
14949
7950
5601
12038
2905
12856
4828
5268
5568
3582
2615
7126
1777
2208
1611
3117
3820
1052
4648
3196
1421
11244
11775
6353
13965
3996
1835
4541
4359
5903
2973
7714
8640
12197
12263
14128
9256
14755
13288
11444
2197
1287
12766
13829
3598
7094
5954
1524
2941
5867
12629
7888
14366
870
8049
4378
6260
12088
9210
7012
10235
8318
13411
1561
4200
2841
2549
7473
3108
9897
14809
14188
2311
121
9895
1728
12058
6979
5895
6185
9485
14305
6341
12515
2358
9605
13418
11079
1011
10142
6637
14712
1999
10120
10576
11641
9848
2422
5558
9453
1682
2806
13011
7882
13252
929
1380
5250
13695
12349
2494
6544
9711
14353
14978
2756
14994
14445
1166
2027
13846
9460
10246
6030
8064
7447
8449
14596
7198
6607
3177
6103
10069
3190
8818
5912
1070
11618
643
4448
14972
8815
7202
14493
10257
10152
9890
4373
10134
1314
6976
9849
14649
4605
4788
12537
5793
12360
13234
11304
3237
5672
10567
6236
978
4276
10505
1196
8531
2552
4400
8902
12995
13396
2145
11180
2462
3385
6856
1794
10989
4143
6013
12711
8936
4774
928
10646
1294
14855
4063
5496
1641
10917
6358
1879
1252
8030
5693
6249
11262
1584
7765
6703
11312
9554
8332
10265
9898
13072
4225
11217
2124
14450
3521
1776
13832
4770
2392
14944
1541
3192
11475
10536
1437
5395
5817
14845
10232
6366
13178
11139
12530
6493
3752
10368
9632
10499
14586
5777
9976
10738
12936
3452
8742
6877
8752
11649
1155
14709
6791
1389
11863
4231
3051
2268
4311
11462
3309
4082
11650
9786
13060
1935
4821
10588
7908
5941
6847
11132
5206
2895
2278
3570
13625
10767
7184
1310
11342
10204
1054
8516
4529
415
243
6671
4115
9608
354
2513
1260
3874
14661
9580
12118
14735
2738
6656
4517
14561
1632
9330
4699
4967
9199
2957
8448
3192
14117
2175
12902
1119
12877
13722
9642
8426
7506
13358
10591
5801
8530
11672
9356
12696
14765
5289
726
11961
8525
4206
14832
9929
12167
3023
1390
3173
615
1422
14450
3681
9770
6613
14301
12956
14981
4652
6287
1092
9731
12838
14634
4993
3827
480
9017
1569
9808
2621
6
3000
7281
4393
9568
8233
14913
11632
2955
3237
7626
13177
4482
6806
13378
8076
8567
417
3792
8389
13643
13662
12495
1469
2417
9606
2513
4124
8789
14008
6271
10956
10939
11983
14260
2013
10321
7084
9266
5177
11782
3435
8556
7131
9540
1845
5914
6496
3944
8217
13571
2650
6467
9863
10453
3293
11576
6667
5688
2616
1510
3586
10248
8330
6416
7221
11729
13831
8768
3399
1269
13557
5906
11948
12145
8511
132
5327
974
2941
6348
240
8539
2790
7169
97
14287
3171
7979
3052
10404
3385
4263
10515
1815
10467
4019
10587
12228
194
13024
7989
1855
13642
7068
2266
1237
650
5823
6515
11465
13543
12382
13083
9474
13957
10435
12817
689
2812
11342
4693
11249
7234
14036
8414
8263
12699
9318
2502
10321
6762
12733
7619
10491
4099
10696
7131
9604
13215
2864
10571
4583
338
3923
11756
10261
7380
14772
6563
8784
2218
13684
11579
163
2888
10362
2400
3853
4710
1790
1051
7628
8580
10779
3901
7006
6275
178
2282
6842
7770
12835
7900
11645
8953
7983
9785
7681
5854
6601
5034
5512
7690
8114
7536
6998
8142
13244
7893
716
9391
7606
9925
12297
10611
12911
6007
3819
656
12782
3739
1123
3432
5189
14706
13375
13210
5309
2813
11016
2959
6813
4851
8812
4423
1396
9050
5606
8657
5238
3857
11281
10468
13684
4439
14332
11028
8451
3332
7703
588
6623
6251
7187
6204
4449
14304
11120
5751
619
12012
2744
12292
8796
4865
9768
14591
4830
10748
13503
9708
5709
6759
4551
5175
13610
7855
9137
13794
12166
7921
3301
1588
5506
13508
9487
1243
12259
8843
1636
998
6155
7890
795
13257
12298
13569
2553
13797
14044
10202
2877
5707
13291
12203
4443
8005
5645
6713
7860
12522
2617
1841
11714
13044
5475
9940
11513
11912
3679
11646
8616
14129
4586
1603
11903
3224
3628
10071
10627
5717
3985
7232
2877
9723
1886
14043
3201
5323
14617
13639
7177
2807
13978
6210
713
1312
6406
11030
686
2583
7258
14967
12504
6037
7524
12075
1111
3424
12636
10207
12497
12282
8642
3466
9721
1839
12690
2513
11587
2931
13466
7823
10468
8541
6628
11389
5559
11564
10718
11285
14426
12005
831
2135
575
1070
9732
8455
13182
2674
6985
7700
3328
10825
10019
14517
1614
2107
7329
8089
8496
7218
14091
2139
6673
12113
6611
5729
13744
14676
14961
7904
12730
1765
11634
11349
11658
3984
4368
8250
11250
11204
12652
7755
9755
13527
12784
5652
14721
9916
14873
4369
698
5196
9866
13353
4597
5878
4828
1008
12503
8404
8921
2896
8280
1140
13776
6147
3948
4279
14442
3632
5342
6778
8211
3807
13255
7878
6004
13194
4884
6190
3053
6131
9717
14876
2729
14788
1242
5761
11434
7647
13088
3472
10314
11578
9417
10277
555
14414
12338
8263
13431
8829
8278
10494
10217
14949
2127
7691
428
9421
9340
8892
1194
9667
2774
8192
12892
848
14245
7885
9033
8921
10512
7187
2002
5747
10642
7060
2386
7185
11671
2683
1698
14741
2797
14495
12490
8273
9864
11882
10556
3313
3486
8530
2227
6535
569
3435
10961
14417
7395
7742
3909
6011
14107
12507
3963
10917
5973
14070
11318
11922
13568
5553
10713
5180
1465
4742
6387
2422
5245
12039
8328
8320
9804
2500
9652
14441
4545
5520
11586
11516
782
6169
13627
2745
2612
4906
4027
4326
3088
6110
13877
8290
8233
6371
1190
13039
2397
13417
5495
1881
12875
6414
13236
10047
14964
3487
11825
2093
51
5493
4668
8427
7155
12729
1446
10358
2504
3477
8891
14977
14237
5945
3738
9360
4828
14359
14974
14840
3173
7332
5914
5710
6926
3923
9179
1075
552
13463
10655
2537
14922
13668
4851
10140
2903
14555
10218
13839
2074
6184
7554
3634
2258
1546
10417
4358
7376
4735
4493
2517
5165
9601
1240
3369
4785
14289
1802
159
94
9166
13976
13150
11667
14722
4915
11794
8476
14074
13508
6808
12399
13808
5435
3102
14585
12902
6862
3193
9623
8136
4190
1401
7401
1399
5150
14989
12968
2254
11629
1278
4296
8059
11931
1027
6425
4251
11647
3609
7911
5714
12263
1221
9594
5343
9553
14263
6416
12632
2646
7132
2197
6470
10759
13424
7605
5607
1263
1030
2120
500
8624
3951
12580
2103
5257
826
4769
4444
14541
2061
8325
4200
1695
609
12480
12218
14001
12411
2945
13460
1060
6244
5623
7573
10882
12607
10605
12855
8439
10850
3741
3665
11606
9739
5005
13504
3816
13952
11982
9463
1687
4947
11209
1951
11136
5848
3956
7892
13223
13925
1034
10719
4516
3405
4265
5361
7372
7104
9325
3507
13355
6187
11538
5527
14220
3143
1550
2738
11211
11153
5589
10352
2017
14173
870
13892
2623
6352
4011
3571
4647
11481
11430
2780
12499
5066
12894
13246
3632
713
2609
11622
141
7213
14915
14043
7798
10576
13021
1240
9638
8200
12361
1541
9745
5017
13042
8658
1639
7307
3736
7130
13844
2595
7176
5575
11876
2776
11891
2640
6108
12821
8053
5692
9860
9318
10197
11041
7792
8712
13485
13278
5302
3234
407
8625
273
6346
7799
10862
5236
8285
8808
5324
7027
12359
3934
3157
3003
12683
7491
11075
8706
8759
14245
2826
4609
4336
7764
13277
9806
11341
3393
592
4181
14890
10202
7751
7239
10140
8467
1514
9891
3972
1142
4751
10664
5329
12963
1938
9541
9974
9187
12298
11967
1718
14493
10115
5530
14815
10035
5987
14475
14234
1943
7699
11482
7501
6111
1821
4261
9963
10089
2749
12806
5058
3663
11901
12207
14310
11299
5968
8116
2654
11638
13155
5687
