5251
667
8215
5251
2165
6741
1472
7843
704
4250
7825
6226
4828
2587
7007
966
9104
5886
9148
337
323
3831
1877
4831
991
6448
9912
5241
8033
9173
9891
6708
1757
1694
38
7721
4623
362
42
4658
8540
1204
588
7773
3575
6197
3442
9872
1743
966
3054
6185
3510
2719
4896
6417
4508
8561
2933
2589
8618
6893
2110
5183
3306
4671
4828
560
8563
7002
2854
2194
1059
2353
5997
2934
1462
5151
7399
7881
6035
3844
6215
8123
9125
733
7678
1854
5926
7471
6203
2183
1463
9135
670
2676
3325
7329
7722
9594
7222
4907
2008
1513
4377
389
3144
6750
8556
7919
3635
6262
5374
4255
972
2218
68
2085
5684
7035
5969
9069
3149
4011
1311
4961
3206
3734
3178
312
9493
4011
9675
9871
4852
6939
9091
9522
7202
7660
3965
4200
1225
8714
3894
2936
80
4955
9368
8363
2166
3965
3442
4255
9375
79
7891
1829
1324
3017
8437
57
498
7544
8007
4508
7837
9098
6099
5231
8510
4210
2462
8669
5967
7481
797
4645
1623
2673
2325
5667
9048
5303
1371
1098
5030
7013
6138
5985
1522
673
130
4487
2005
8725
3662
7956
8
2843
2862
4221
9088
1781
5619
819
2583
6215
3977
3817
8693
9794
9694
657
4958
1053
5185
7058
3748
3106
7350
3495
5085
9026
6437
6999
4144
2726
898
6236
2665
5395
7320
786
5820
7225
7519
7999
3158
5880
653
7673
127
9791
3352
6952
8331
6515
5128
3097
815
7017
3019
8924
4849
8624
4771
428
4073
1326
1194
1288
7844
4901
6837
3250
935
7969
9446
1715
4176
5521
7292
344
6951
6847
7590
2206
8484
1310
6244
7046
6139
9967
1374
7492
1874
9120
4302
9434
6163
1762
9464
8636
3788
6517
218
2336
7396
9170
2798
9972
2616
4180
2908
9723
4484
5524
7484
2005
125
3440
2474
6954
4682
4184
3874
7571
4403
5044
6171
6518
8626
1813
7456
3052
8422
6071
2041
5040
775
5199
1912
4630
2548
519
7168
3573
7
2195
1008
1618
8410
5375
2092
6411
1586
7543
8076
7485
6729
1010
5086
9027
4187
5660
9911
7308
7927
7727
1959
4070
7669
2013
1483
9389
1590
5341
811
9306
5286
9903
3747
6458
8382
4094
9967
1740
8518
6225
9504
70
9528
8029
7659
2629
1649
9627
8833
9743
3312
4641
9833
1032
5312
1968
3880
6444
1523
2762
5603
7487
8308
381
8188
5791
5902
1521
4680
3858
1883
6394
7185
8706
7268
2089
247
369
568
7749
8641
9643
6696
9970
417
5991
1262
9516
9174
3641
9710
4290
107
5479
2565
4097
1132
9766
6606
4204
2585
7424
9556
2005
2787
5700
7089
8443
4
1707
8708
8991
4971
2242
4625
6277
1189
1737
6163
8532
5191
5015
4669
2361
2295
9287
3678
6511
8394
2387
818
3507
8504
2891
7717
5287
6940
258
290
9781
4503
9030
3418
8061
7060
2362
4752
9069
9719
1713
8338
4045
8383
9001
562
564
6218
4594
3682
6954
5736
9562
1085
4106
6999
2198
674
4291
4685
8926
700
2141
9973
5094
9565
7747
4592
9685
3209
8608
5949
6292
6062
3834
7443
36
2322
8726
3626
5180
3477
3718
3562
5934
1205
5702
7580
69
2672
8527
2716
5502
8355
9157
8096
7807
7617
3092
4610
2536
7088
6786
2249
837
2606
3488
5958
2413
513
5506
3290
6890
235
2585
9621
5845
6796
6682
4953
8957
9857
1661
5613
1652
4651
5811
1565
2423
9227
8036
191
2359
6809
517
5681
6696
5171
5923
4989
230
4114
2334
7166
6143
265
741
7213
4834
199
58
6980
4177
2604
9601
6691
4293
4567
9706
4417
7423
9438
1065
1754
5062
8999
6430
5207
7634
6739
710
9404
6900
6699
8494
4138
6832
5890
8735
8837
808
3273
1482
6607
806
2322
240
5971
8149
5901
895
2878
3229
8030
2501
2968
6457
3727
3138
2993
5543
4513
7870
7654
1563
4174
6484
3426
6352
8730
5802
625
220
1816
5758
1632
9007
5113
2094
8288
8840
6383
180
2202
8244
7615
812
236
5636
613
6564
1601
5241
7617
3231
6127
8831
1328
6901
2874
4355
8758
8891
8694
2147
2342
5434
3850
4768
852
3791
6639
6434
4289
9487
1863
5017
3574
7732
3947
5147
1868
3672
7981
5727
456
6492
9900
6260
884
4406
5830
2654
6232
3174
6280
5615
2376
8019
2384
8942
1687
2454
2020
2359
6809
834
523
95
2502
5215
2489
4513
4218
9378
4168
2522
3561
1802
641
1502
9600
6858
3978
4197
4695
7070
7258
117
6754
2444
56
60
7047
104
4034
7723
9193
83
2185
3994
2627
2161
8840
8796
4225
4566
6662
2704
8216
5501
7265
3664
2150
6485
1467
2122
5204
9832
1393
5849
952
6856
6629
2623
9814
6376
2461
2161
5447
1045
9156
4863
8018
8256
6415
1310
2374
8105
6298
3732
5050
24
1985
6928
3131
5035
6747
2611
4213
9864
560
2671
2445
5789
4283
7274
7130
6428
5130
5983
6020
8012
4578
8609
8533
5934
1936
7869
9741
2797
2890
8731
6273
512
9108
3904
7795
7440
8415
3220
5517
4785
348
9483
7078
5823
9838
2114
1543
2453
3916
9191
2455
4189
6214
9077
6274
287
6623
587
8825
4392
1433
856
6483
5689
4639
1254
7938
1224
5243
6768
7600
3992
8856
4336
8999
624
145
3881
6784
1338
5288
158
3747
3002
1699
3870
2237
2505
8193
1325
3328
3581
6731
5184
1700
502
5925
1396
4891
776
8323
8011
5058
6608
4649
3076
4788
4485
3418
1222
4713
4029
7218
4825
4123
1673
8575
97
1353
2318
3738
1175
324
240
6756
502
2374
8572
7643
7423
5907
4659
9164
4106
8
6527
3666
473
6432
1715
4540
7946
6070
2931
7805
4602
6068
6844
1309
4001
2329
6562
9901
4045
9498
4181
5496
4030
7343
9103
9460
7627
9278
4141
6376
560
6629
7303
3528
3669
1328
4397
2667
4604
1451
7375
7566
6694
418
9641
7697
7810
5748
1338
7455
4531
9365
6384
2523
7117
6338
9954
3813
652
7440
2058
6428
1793
2046
3324
7614
7034
7481
5063
7403
3693
6093
8870
8968
8529
7928
8323
8479
5881
2491
6634
3299
4349
3259
4038
2177
7382
740
7882
2658
7430
6236
5598
7581
3666
341
1651
1129
5822
9372
8805
1856
3315
2175
9020
447
959
1564
4831
1867
2649
1380
2790
1325
4943
9598
1466
2174
894
3704
5883
5150
5629
1096
8477
1405
6966
5744
8368
1532
2995
3504
7467
494
9745
5750
8165
4969
163
2144
815
6825
1638
4306
1185
3411
2300
8275
9455
9126
2680
4066
4056
8893
5349
3014
3516
1266
7330
3282
2903
8124
6734
4727
5981
361
7628
8612
2100
6711
1843
5529
4857
189
8165
2457
9472
3046
9706
7678
1291
1597
4568
5030
1222
7524
5569
1579
829
4734
4361
624
7675
5181
8291
359
9024
7093
4631
2911
1277
3248
3426
8699
9039
4427
4857
3694
3862
3437
2699
530
962
8311
3123
1224
2761
4695
6439
4026
5606
2839
4480
1853
1249
594
6054
3202
6167
7815
759
6922
8214
3957
2899
2777
6839
2071
8167
7364
3129
5657
3860
3205
9830
248
4908
9597
3796
1561
2185
2281
6906
9727
5674
5133
9516
9824
9018
3420
54
9905
8734
8410
2785
1229
3899
8601
5780
1477
1346
8383
4250
2225
8858
7369
5356
6004
6440
8680
5772
8910
2700
4266
3341
5516
443
4196
385
9002
117
1899
9425
168
5267
1602
6547
6138
2015
6525
6811
1273
7471
644
2480
6007
3135
2403
3945
5760
6874
1694
8500
4555
7509
4962
723
8608
4424
7239
9204
6180
6250
8929
7996
3520
4328
8230
2367
7728
3697
5946
2222
7895
3521
6981
349
7375
5528
9334
6656
1086
6326
5314
1009
4548
5702
2677
9169
7553
2260
712
3225
4308
2636
7907
8059
6669
8609
3130
6602
1364
9094
4723
8274
3571
7212
4824
4742
5886
9561
4472
7157
2419
5985
8632
5975
1420
2852
470
8777
4258
5380
4046
3027
2475
9409
9893
6291
4964
8402
1075
1176
7977
9250
9006
3788
8337
293
5569
9262
8183
2742
1979
9020
3443
7502
484
2138
7064
2003
4682
9105
5798
9035
4666
5815
2415
6171
4123
2646
5047
9600
4644
5500
5092
8297
5789
7087
4389
3775
2466
74
6911
2594
7908
3369
307
9714
1562
301
9243
695
3078
9100
8403
5709
9618
2968
8804
559
9256
2154
6219
5471
4145
6411
4153
5295
469
6895
7988
5039
5889
4334
4090
4211
8583
4112
4101
9920
6655
8133
3434
9491
4683
1774
1100
2255
8169
6635
2109
177
705
2626
6661
1201
4110
6185
2459
7543
3354
5488
1936
9576
2513
1278
779
6556
9624
4342
6415
9917
6262
437
9240
9117
192
1099
6004
9876
9251
6116
5119
2309
4922
802
5655
1276
1712
8569
9519
8951
4943
1078
3854
4606
1879
5773
2279
3808
3786
2206
7203
4699
8340
6466
4970
984
4872
9176
7329
1489
6373
2342
9438
2415
5431
8750
5271
4212
2826
9248
2472
2578
4634
6102
1250
6518
6869
5472
4081
869
6738
7947
5734
7809
1179
4336
4900
3623
4870
2791
5270
4505
9938
5799
3773
1219
156
6123
9671
124
4480
6082
8890
3771
6429
7570
5217
6403
5217
2314
7005
6733
3540
4067
205
160
9249
4499
104
3328
495
1198
1319
4768
9870
8888
3952
5173
6028
6315
5901
3768
3063
6610
9338
8295
5245
9552
7277
4954
5871
1152
7681
4733
228
3818
2315
1871
7337
2078
7517
8933
2887
6112
8456
5915
109
6336
3916
9288
6780
3892
5003
5005
9042
741
9196
1995
3997
4195
4860
46
8145
1910
1726
6057
6101
6594
6739
5935
1304
9077
9845
2699
6849
1857
6413
9757
4356
8145
2084
7682
592
4025
1783
2974
6501
8814
8483
3689
5747
6639
8032
9907
2093
1567
6059
6485
1245
3424
7579
5590
7265
990
2644
6150
1539
5973
1818
3163
5574
1535
8573
1077
8348
622
2195
5808
7300
8627
1764
422
5681
8472
4047
5454
4486
3328
9305
9237
1918
4761
7685
1767
2664
4219
623
4714
15
6448
5171
6776
6615
9088
1563
9447
2563
6343
9509
5814
8292
8645
1586
5942
7340
8723
9499
914
2241
2781
3103
2797
3884
256
1447
8007
7665
9665
8266
5563
8538
7399
9180
2936
6492
4918
6273
1482
1514
9545
672
7620
3160
6539
114
8957
4088
3394
7466
5380
4288
2313
1502
5665
2797
3545
6804
9801
321
9827
4280
1549
8375
8796
1097
7328
5063
4357
2148
8259
2149
1350
6039
8959
7316
8487
2536
9903
7528
779
6030
9127
889
7929
1389
6212
3332
9016
8831
5170
2875
7606
3070
1044
876
5461
3710
2531
9727
3555
4535
5622
3736
1284
1200
4411
3773
6510
7719
7487
2114
4241
845
7087
7616
3249
5470
5820
4564
2641
6334
6021
8195
5790
5439
8339
7883
5637
1279
8006
4037
4210
6334
759
3943
7750
5678
7322
4774
1172
4291
9411
3992
904
8954
9921
8791
6164
741
9819
2210
6681
1636
5206
7469
8366
96
3728
2713
7888
1424
5628
6703
9302
6031
8442
9173
9776
5621
1858
5347
6764
3969
8957
5919
6996
8664
1297
2772
7959
8711
8887
7105
210
4453
7194
7902
3339
6964
7661
6346
2042
5478
9898
3328
7605
9211
1331
7463
9014
664
7815
2616
2811
308
483
4779
5193
6909
5473
2090
9678
5688
2962
8791
818
7077
4308
8025
3721
3184
6480
4305
3176
323
6274
7580
4465
6601
1830
2801
5708
6541
6508
4330
6292
1057
6183
2335
636
7244
2039
8269
5548
8347
3729
6150
8476
2695
8600
435
1915
8215
2219
3220
4924
9644
8907
647
686
7338
4486
1191
3159
4567
1189
316
6412
3228
3518
7648
9887
2632
951
3266
7174
7604
5032
6931
1524
7857
3627
2014
4982
3390
8451
9013
8668
4773
950
934
9313
4181
7929
3548
2505
650
5830
9634
2103
824
4044
1906
2904
6983
3780
172
8559
8712
2795
546
6590
1590
7393
4288
5998
7864
5740
2073
4747
2243
6042
4876
638
3132
9233
5750
8712
3754
6677
6065
3704
3530
69
5737
3610
3356
2562
4063
6365
3179
3822
7047
5214
6906
3436
4092
2646
9018
426
8516
9549
936
3432
6110
521
403
7956
2935
7815
2123
1091
9291
6565
3461
2717
8121
4297
9979
9446
5888
3698
7984
6805
9509
4409
2609
4851
3431
6499
199
193
1257
38
537
5910
8462
8693
6511
4228
1652
778
2609
7542
774
6111
8286
8760
6837
4985
3880
6515
4609
4674
6492
324
7874
5682
3839
2791
1411
5880
9268
4853
5294
6042
6747
7863
130
503
4995
7462
8272
6853
464
7345
2614
7421
2536
7098
4978
7551
7735
2077
6041
4274
306
5886
1728
9884
5624
622
7254
5771
5301
1210
2789
6334
2384
2480
2493
2163
2868
3838
9713
1661
476
6601
1101
3809
3399
6583
9124
1165
7036
7001
9929
7206
2007
665
83
6877
2464
3628
788
6702
2573
7603
610
580
1742
852
3764
7676
150
8736
8537
5716
8441
8129
9617
1424
9169
7266
1695
6153
603
2923
2790
8290
9646
679
8081
1017
7275
1395
4959
821
4464
4422
4843
7922
9751
8456
1866
5623
4780
5248
6029
3216
4107
2654
8918
8525
6888
8401
8615
4566
1288
629
5477
2921
9420
6381
9052
8626
2718
9546
5837
5877
2883
645
1522
5883
4401
831
6611
327
8506
2354
9392
9252
4455
8226
1358
6173
5232
5270
7503
8360
3671
3022
1770
1760
3748
6112
1625
6013
4715
5074
6385
146
5722
5414
7869
6851
5038
3805
7587
1121
3558
4457
7048
9300
1023
8772
2511
1716
8478
4662
8476
515
4780
4471
1831
8074
4827
4530
3948
287
9047
6321
5968
3392
9832
219
7038
1247
148
4807
5807
5049
2993
7883
9943
1604
5944
8294
1180
165
2053
8230
9122
1180
8027
3126
3042
1324
8052
2568
8489
9771
9446
5867
924
1474
3922
1529
1609
5553
8310
9664
7417
5779
2785
4267
834
889
9190
5964
3289
4597
9178
5432
6549
1221
6648
6782
1102
9626
100
5190
4899
6405
6877
6979
8043
3469
5083
1332
6004
6095
2279
4956
8472
6082
282
9020
4173
6853
8174
1338
9579
5512
2736
8833
88
6212
7527
8052
3103
6696
9583
1488
6976
8561
1134
285
2881
1364
6184
9056
1281
7675
7197
7744
2701
5579
2639
7635
316
5758
5858
581
7989
1793
9996
7221
5536
5244
4653
9579
4394
5913
3176
2585
7682
7731
110
6830
4496
1453
4188
6817
3333
6203
3675
8960
7646
9217
8805
8820
8578
5031
279
929
7275
9813
1746
5671
3697
9105
2828
7480
370
7794
9043
3767
9342
8335
7730
5817
1390
9241
7452
5099
1828
7938
2308
7007
1774
7497
7007
4660
3668
6372
1762
9808
721
3192
6037
605
5055
7879
5609
4014
9099
4710
4661
8877
8119
458
364
3202
8574
5119
1243
3649
1474
21
4014
1249
2913
7431
9442
6661
5430
937
4117
9496
5548
7053
6346
970
6862
8034
5384
2129
1705
2666
1122
4478
19
3943
1105
6046
4772
4353
7774
4697
2274
6678
6252
4890
380
7006
6929
9644
5740
9498
2726
7245
1599
8473
7044
6177
945
566
4846
8294
7233
7490
7245
7103
6708
9065
3462
3120
6165
7972
4328
4773
8458
1306
4258
8687
50
5795
2657
5292
5882
91
7543
8370
7486
7648
3415
9224
7581
520
7901
1792
678
4561
7467
2149
5567
1142
893
4797
8628
7035
8734
8171
2748
582
9924
7572
4199
6490
8598
8955
2963
513
1102
9275
7902
8085
617
337
1846
3099
218
9476
92
4716
479
6802
7671
1026
5084
3912
4629
1435
8339
5357
8492
4445
9334
4588
639
694
8307
4220
3164
3967
8733
1549
2850
1165
3659
6625
7920
7379
5562
2517
1320
8151
5166
9899
130
5759
5462
5782
4845
6552
4444
8304
6064
7171
652
7611
8383
9165
508
2626
3897
8489
9194
9771
8990
6891
6340
6717
7630
5796
5279
3208
9229
6517
4715
8772
9874
1474
3678
6489
9151
6325
8605
88
890
6204
9850
7158
7194
1968
7302
5747
5758
5059
7639
3914
3847
8197
6597
2471
597
4882
1007
927
1855
5595
1547
8305
9100
2928
9466
8568
1391
8776
617
6681
3872
6540
3012
8736
2724
5670
7749
8625
2318
3137
6170
4637
3887
5085
5413
148
6857
6241
3228
9105
3874
6157
2305
6166
4052
5148
8748
6708
5281
7810
133
2199
3427
7464
2958
749
9186
433
5948
8417
6062
5703
5782
8584
6412
2199
2949
1351
8254
9718
9276
5935
2987
942
8130
2007
862
7258
6650
1812
7738
7610
1028
7286
1818
9426
5148
722
2198
7925
3679
4392
1346
906
6014
4688
8017
3656
2012
1670
6088
2340
5553
4207
1037
1587
7825
3783
6493
3822
9239
1417
1580
4114
4810
8938
7560
5856
1426
8834
2695
1720
4836
4888
9854
2268
3176
5193
7811
356
6860
4500
6458
5679
9073
3125
4396
6256
2659
8044
9574
9308
7335
3881
3774
30
6652
7367
5760
3477
5060
7890
8422
9436
5228
230
3894
9155
7207
9317
8965
1727
8393
9861
7401
8171
5103
4644
5565
8040
2988
40
4445
2777
8237
7175
1281
596
1534
528
5495
4725
9846
725
3673
9269
7837
5302
7725
1202
767
5418
4203
6428
8344
8396
201
5852
3182
48
3906
6896
8526
9697
6038
2983
4927
5080
1515
6502
8419
3803
5105
7732
1452
4863
259
25
3563
2667
3080
5837
3315
6604
441
2896
1725
9422
9534
2518
5604
9150
1250
7756
6800
6329
677
2764
2240
7999
6751
9336
1712
4762
6289
8535
2826
965
360
5529
937
2523
11
3289
7417
2142
4660
9790
43
9696
619
8429
8852
7025
2158
5823
6868
1237
7709
4779
9700
1041
7729
5136
1816
1202
5309
3424
5493
8651
5212
5260
9452
9673
9098
8328
36
5156
7167
747
6422
692
4390
8310
6562
1613
828
3454
2303
2569
8003
2888
3087
4145
2982
5040
1088
9671
7447
3653
4911
2339
1076
4884
4808
2744
5464
3280
5112
4099
4206
8219
6899
6607
7777
724
2737
6023
9950
3405
4036
9001
5035
295
5365
6771
9233
4876
6060
2798
8580
2041
3485
8115
2803
4774
8463
5838
4155
9396
313
638
7958
7026
102
3701
9185
7563
4599
5474
1611
1775
4087
4745
8377
6156
3642
2620
2934
3738
718
7112
6488
8288
4116
7087
8462
8438
8296
1597
6245
5976
5883
2265
1418
3347
6626
2938
2857
9503
5815
579
2036
5433
5645
7965
9648
3420
3730
927
8281
539
2285
5900
4550
9838
2214
6938
5079
9863
7205
1178
2923
6912
4962
2137
7838
8018
4092
3154
7487
4404
2885
2685
143
2095
4026
520
5589
7834
1553
4961
2847
6870
9803
909
8019
5096
1912
9976
2740
5246
938
233
9232
8624
7890
7281
582
4325
8375
4817
3717
7775
3797
9205
9935
1924
3985
9232
6172
4665
3099
8981
8747
525
3596
4495
915
9488
1679
3966
5336
2814
3996
5439
2138
4476
7855
8630
2951
2798
1208
6074
4944
6434
1595
9934
5880
29
615
360
7129
6463
8516
4159
4001
9925
4709
6854
3482
5644
5885
3103
3192
3389
975
7854
7435
4233
9709
6715
4772
2402
6914
9395
7012
5059
4811
780
5663
605
9295
5603
4000
415
1104
5668
6038
978
618
8405
9580
3710
4968
2591
3287
3501
4230
9658
3688
6474
7424
6357
8145
484
4442
6846
6740
2277
5513
7540
9559
6313
1118
1318
4116
6750
3155
7911
7965
7527
5518
8081
1804
9436
2354
3491
6889
2082
4277
7721
421
3091
941
1607
6178
5465
6771
8801
3813
9644
8809
9785
20
6725
5479
2774
2810
4846
7633
6333
3338
8025
5125
5007
4656
8746
8225
8335
8306
4177
9217
1358
9685
5112
6374
8869
6412
8421
2914
5742
7851
3820
8079
4799
1403
2005
9087
3637
7686
1461
5759
6425
177
2011
517
6897
9210
4666
9096
7958
5639
2814
9598
1516
8365
9661
2784
5556
5474
5387
9050
666
8026
5273
5311
5275
5438
5532
9434
3080
5228
998
7727
255
2407
115
127
1036
3950
5217
586
44
4538
5196
7839
3337
7377
7302
2303
1639
1945
7744
5088
3897
5974
6536
9053
8001
4963
6479
91
3
6287
4373
9334
7492
1615
3042
5385
8324
7106
3652
8845
7941
194
3281
2969
1767
2549
520
8712
7554
451
2504
5640
2959
3010
6988
5582
3476
3390
3905
4118
3930
2276
4518
8088
2059
3405
319
9911
4365
2440
7078
1380
246
7856
686
2751
1628
9693
2581
2893
3114
4102
4198
7493
7440
5364
6248
388
6648
2561
2695
5648
3024
1055
349
1578
6121
8662
3548
2348
107
8309
5418
7490
8899
3482
8458
1126
2490
2172
9427
515
4787
1669
9375
4203
9984
6286
9634
9364
3041
6226
5605
5117
4315
4340
2910
862
5921
5757
4014
7357
338
1117
1591
4589
6286
8195
679
209
3414
4680
9109
3759
2911
8645
1879
3407
515
3476
7629
7474
3300
8244
6078
3488
9966
5879
3630
2345
1432
2134
1976
5645
6326
4868
4718
6696
5198
7583
3658
7733
1684
3843
6143
8915
7285
2920
7089
9621
7276
7980
9182
771
6773
4652
135
9181
4124
5611
1103
208
7857
2501
4896
2161
5370
3101
2804
6119
3444
4691
6726
9861
8568
577
6117
869
6454
820
7762
576
2177
4744
5495
489
5271
5052
7012
8713
2042
8245
7159
9205
8112
7087
7351
8861
6388
9758
4670
1086
9446
9730
4720
4982
9206
3864
7916
6023
4312
2349
8958
9044
2948
1005
9406
5897
8702
5034
4409
6264
7069
521
8873
4254
5401
5687
836
4564
4166
665
2414
5488
1544
7136
2204
7340
5746
8026
8086
350
526
4773
1736
903
9483
9039
7014
1112
1694
8858
2489
5069
2743
6539
9866
4973
3250
6369
649
458
5061
1122
3018
5523
5564
6513
1949
5290
1087
1436
937
479
8141
3794
6885
570
5352
1330
1378
536
332
462
8840
4349
6285
7311
9180
8904
2668
3489
8075
7156
8789
5055
6005
3978
713
1994
5288
2228
3987
6018
5368
6253
8792
1159
6601
9044
9728
9161
9289
8399
4348
8396
3132
2395
7187
952
1460
4146
1501
4140
9789
4694
587
258
6595
5881
1824
8062
2129
7423
7472
4528
2839
8091
5908
5273
6887
3766
839
7274
8332
2319
3201
4471
7191
6140
6381
6283
5527
5262
9960
6485
7956
4083
8649
7104
2089
6388
6295
9329
1899
4239
8748
5929
2074
5823
1876
4730
3572
9335
7249
1943
9744
974
3839
9988
3965
2419
4975
716
8840
7666
3746
3009
1076
6271
4644
5917
5753
4495
3858
424
6987
9079
5929
7603
4086
5148
9677
8368
1747
5576
2306
8773
618
4846
3291
2981
9076
6533
1804
4254
5771
8913
1598
9298
240
1023
9503
7933
2873
2766
900
4293
8741
5835
8972
5648
2045
6389
4705
127
1401
8096
6542
3911
124
4725
9416
5744
5022
8982
7722
6839
8116
5774
8545
6670
2365
8487
3232
8580
7947
6405
5873
6159
4332
9424
4857
260
5941
8176
9303
425
250
3617
3241
4035
8748
9765
1770
5257
2447
2072
6124
41
8599
8223
3710
2344
5311
6218
9866
565
4181
5641
3838
4935
8885
1050
9540
2725
9505
5168
8416
3172
1818
6847
8182
9755
5053
8580
9814
3762
8525
2946
3733
8457
3785
951
4505
629
4441
653
1168
2117
346
9340
7374
307
8340
9852
7809
2197
3685
1785
3378
3059
4364
7551
923
3332
2883
2725
4879
6849
9818
2950
8570
7211
4572
2746
2935
8952
1072
9571
3592
5976
3583
4515
9589
4566
2172
9931
3684
9385
7797
5262
9521
2955
469
1029
122
7921
6915
8619
7594
8153
7674
6008
2768
1042
694
1643
8971
7605
4248
4417
2084
1649
3350
9074
7016
9156
7922
7402
8593
8261
9109
2949
2032
7934
2056
9620
7704
3832
8639
9164
1898
4142
8915
637
2441
8564
2666
6048
633
5280
5220
3610
5401
4774
245
3037
9066
9633
2618
126
6443
3853
922
8113
3635
4002
2426
4096
6250
7259
2589
2027
2627
117
6471
137
7130
2691
572
4332
1270
7374
793
5715
6508
7033
4206
3945
8448
6274
8839
986
2008
645
2854
1622
1583
3451
5487
4190
5090
7919
3808
6556
7802
7233
2490
9951
2519
4356
1248
2291
2470
8322
8427
6303
2591
1423
1239
8968
1661
3914
6862
4915
5258
7184
6799
6856
1879
3019
9419
1714
9637
9032
1100
2082
6499
7094
7745
5092
4612
8746
4874
5433
8764
2112
6557
6563
8279
6187
467
2031
9638
1214
5779
6637
1719
2115
1432
2251
8223
6936
2817
1055
487
7146
5989
5667
3056
6425
5392
2027
2597
4955
6447
8178
3500
8588
3028
4658
6840
6803
4166
3171
8334
2672
8121
4859
6065
7362
629
4243
3724
53
8102
7674
8332
9848
3935
4882
8760
2012
1035
7800
7757
8969
3954
1538
7322
5355
1572
7889
805
5817
5429
9254
9593
1014
3461
7313
6333
976
7738
2564
8145
4918
2813
2214
7703
5079
4782
979
3500
6806
5253
97
7426
1833
5894
413
7819
8992
5328
7604
3284
8850
690
5054
3724
9619
3626
5764
1247
3363
7276
4994
2515
8000
2763
5320
1246
3739
2759
1562
1266
616
3379
8999
4038
7631
8209
5847
4611
5519
7597
446
9768
8450
4355
7565
4106
4380
4190
9159
1931
4237
2605
8801
4805
4438
2132
7939
6340
5784
3949
3771
5613
4808
8680
4289
1119
8398
4326
9476
885
8413
574
7763
5908
5053
1931
3385
1879
6548
5810
6751
3909
3779
5507
133
5548
2892
827
2588
4956
3265
3316
4138
8962
5240
7258
4432
5183
2508
8138
3881
6037
7629
2137
3112
7678
5798
9854
6628
9704
7711
2669
7600
5377
9929
9025
4435
5467
8791
6213
1734
7755
380
2720
8955
1876
8255
9179
1931
6459
7275
95
5256
3687
5235
7088
2513
4792
5858
2880
5316
5729
8465
1697
9101
9410
3650
5851
2109
4118
6041
1030
6198
4118
5179
4965
5906
5224
4910
9439
1428
8232
9504
1771
6326
4448
3123
5383
1041
2871
8565
4517
9243
3924
1103
9843
9067
8670
3859
6341
8984
3938
8776
3921
2687
5471
4515
8839
7155
4209
5563
5163
5935
2296
2142
8001
6295
7844
6258
8595
285
623
5347
2321
6319
9095
7755
5782
5197
8759
1265
9364
2712
6370
8040
7099
2982
2795
7943
7355
1811
1635
6345
3571
4753
5744
9819
8437
95
6966
1651
6056
8488
4948
2576
3529
6739
1086
2556
3183
8920
9491
9165
890
8690
9754
4859
5672
1439
2830
4045
4403
5252
211
6796
1594
5165
9267
4953
3979
4547
650
5706
4650
6151
6474
6463
3664
8330
8940
7491
4898
4735
9268
5870
957
3672
6463
9079
4107
3197
9404
9223
3541
4315
5156
9529
7206
9480
9623
6397
4375
8533
1909
1756
5580
669
4773
4869
74
7978
8981
9446
2355
4055
8319
422
1072
1615
1925
2943
5305
3412
2521
6218
8964
9340
9371
6451
3336
5590
9023
6891
7997
7259
2938
6907
1139
5487
4137
2566
9387
6918
9198
4712
8453
6307
7880
3595
2694
5452
3710
1128
4918
7321
3512
6986
3076
5595
5259
7838
7975
7722
6798
7510
1026
6055
4749
4494
6690
176
6202
5302
9767
3874
2826
7261
7677
4536
4451
3135
6166
5553
4401
2005
9221
2960
655
698
2601
9805
6536
9038
6853
5993
7178
116
5976
8142
1363
9478
7118
5845
4075
8136
5458
1249
6606
4618
5934
25
8244
3334
8945
6963
3567
8186
123
7548
7201
6112
7768
7940
1031
840
8791
6150
6629
2199
5173
4773
4159
2297
5787
7009
610
9057
2353
4569
941
9250
4909
8843
6703
4262
5116
4135
2590
1691
4540
3826
7169
814
3556
7989
891
5583
8096
1893
6245
7844
9916
2030
4438
1881
2556
8793
7233
6741
9495
4029
1899
2969
5326
3633
5864
849
2444
7135
482
5821
3611
5461
7204
4969
9424
4117
9193
5303
7733
5372
8412
1215
6354
15
8843
8061
9718
4113
9629
9128
9847
1185
9709
627
4596
8272
5843
1644
692
3729
4301
6242
6413
6057
9839
52
3122
6614
308
1845
9674
4028
3935
619
6233
5034
3939
4086
6989
7260
9515
7086
6055
7753
8278
8453
4324
6012
5107
2827
2088
7264
2470
5953
4326
6292
3636
197
9197
542
7616
9004
482
1980
7906
2397
8822
7829
1761
8538
9013
1934
8669
6058
9115
6713
7435
6402
1378
1304
8878
7298
1980
9615
6190
3099
2601
2887
2984
5950
3350
7455
9442
1232
9618
3149
6153
6330
5006
3859
9113
4652
6385
7436
1768
4689
2037
8357
5375
2318
2337
7000
4422
2804
9060
8996
1195
3622
5419
4777
303
516
2559
4879
5165
8021
3790
5286
312
8035
9844
567
8784
1600
1077
2138
8768
487
5482
1345
2887
7406
2454
7937
4256
5959
3076
4705
1121
4053
5311
9340
1421
299
1869
8048
4966
1200
377
328
5362
8431
7308
4951
6265
8859
5383
1467
3385
3408
9327
8705
6837
7156
2581
3543
1520
701
3745
2156
7554
892
3370
2996
7014
4279
6005
1032
8800
2372
1624
2954
381
4768
9834
7974
8392
2400
4313
1283
2886
6479
9847
1545
8272
6295
2369
9533
683
7371
2813
2952
5493
1088
9360
6470
2749
8507
474
2137
8191
3397
7647
6286
5276
8604
8162
7527
4786
4915
6928
9416
5869
9754
2838
4061
4233
7416
5087
5928
5827
3268
4494
5369
1691
1795
3429
9941
6312
1452
8320
5865
9832
8776
9521
4968
9922
8181
3417
1888
4859
569
5839
8123
7696
9539
6816
8145
3254
4461
2355
9563
1436
5837
807
6242
9370
8540
4076
5446
8665
3390
3659
1851
6718
127
8355
7165
8340
9503
2993
9956
7621
8372
6331
3778
149
9071
8633
1050
3755
6361
7792
2107
9132
1803
3660
2185
3110
5356
7850
9293
3014
2997
6399
4131
1910
4465
6201
273
8919
6416
1392
1863
2470
6442
4728
993
8990
6353
8229
2650
8811
1744
5995
683
3126
7040
9826
6929
1042
4281
6930
781
833
5412
5377
5380
1587
5375
8614
2039
1437
1130
2281
