6490
14679
10211
12098
6212
9408
97
10808
4482
8036
4623
13238
3857
2704
6999
8546
3277
5294
7249
14042
6541
7729
988
12419
4083
14091
14511
13350
10867
10830
9206
12600
12859
2837
7216
6660
10793
7022
245
13702
1099
10520
1005
8111
9870
11019
10468
9048
12698
5367
8305
12077
11229
796
9654
4592
2628
3755
10657
6343
3697
12241
9809
14931
4509
13686
10589
14590
7862
6453
6142
13216
6892
14554
1532
6173
982
2354
1126
4502
6530
692
5411
8987
4025
5243
13334
8075
10792
12220
4567
1951
14371
11363
13835
10521
4956
6116
8165
7868
11337
13208
3190
3360
700
3223
7992
9556
6067
4788
10545
2632
5376
905
12291
11447
8115
207
7360
5317
3828
9898
5978
7227
4549
9904
14665
4260
3
12500
14885
10658
2221
8795
4875
2802
5084
1730
8117
409
9987
6586
6922
5441
2121
11826
8861
10653
1377
519
6697
14061
8459
14689
9369
9461
5371
9117
14333
672
9974
11395
12105
5013
8253
5675
816
12403
4795
7929
1751
7135
10272
2922
14436
1958
10912
6114
4
13257
6230
11308
5811
7877
1289
14509
8663
11235
1201
1981
7030
6203
5907
6795
9405
12431
6191
12748
4042
13879
6931
2903
3617
3642
11904
7160
12283
8699
610
1927
9517
4887
10334
1244
1509
9417
9019
8618
271
200
3723
11413
6005
11359
6243
1049
181
8918
13262
6848
2132
1138
4776
6672
10328
2478
7662
5023
7092
11179
1947
4251
12396
14428
5076
5922
11488
12935
12165
14035
12766
6088
3341
5784
11544
4944
2492
4729
14324
14821
13958
3429
3522
1391
4287
1655
14936
5159
9141
6043
14193
2203
10909
4116
10533
5882
10718
3523
738
8561
4362
10222
7176
11639
14579
5874
11402
444
12274
10566
11039
14648
466
4599
7272
12995
11948
6257
11133
9625
14291
11945
4577
12807
13951
4252
14996
5999
13919
12922
11358
8283
9231
11549
8784
5626
7433
10208
135
11380
8088
13534
14154
8428
7624
3105
13811
10897
6226
1747
4586
9352
13979
12436
157
6482
10083
13856
2124
10422
7867
956
5752
7611
14583
11685
11980
8035
12316
12102
9011
8295
7531
3636
4457
13043
6507
7863
2382
11390
7157
4127
2981
8649
14289
104
6083
7129
11838
2228
2970
13715
8310
124
5013
11227
3783
6714
13366
10592
7174
6982
13459
9287
12063
12419
7231
8763
12415
11246
5413
3654
14122
4842
13192
11087
5400
4074
133
7176
947
13676
2090
7098
8260
4758
11616
3519
13507
1521
14683
8900
11036
14662
3394
12585
3982
569
9522
11687
7568
2097
14053
9253
9453
13768
13112
13174
14310
3709
13082
7410
4774
14004
14680
9519
6177
14799
6365
14861
12837
315
6823
3571
13379
1346
1493
11865
8311
6384
3948
5443
4954
8212
10625
12478
12529
6853
3312
6978
9006
7022
9387
11700
6396
8392
13471
8735
7417
7498
12888
10462
9580
8671
6765
7569
6677
7533
286
11706
580
13045
12786
9211
1353
14420
8733
1349
651
10637
9710
5823
12148
4536
3038
2890
6505
3435
12620
317
14288
11044
10846
12281
7906
8752
2906
2947
9375
14715
14499
13913
65
13244
6711
14179
10289
8084
5157
6352
7974
14660
9716
10290
2836
4208
11302
14935
3832
14355
12299
11132
5058
14504
8986
13496
2811
14698
2362
4739
9742
9857
8967
11393
4339
12474
2865
383
11326
8193
3990
2937
8647
13861
4391
11749
3010
4097
1863
4456
3342
3531
5688
4938
3051
10762
14744
10632
12260
801
14905
11959
6900
4482
4095
1960
4262
2921
6762
3740
5236
10110
14859
11357
14361
5222
14083
11742
5050
9743
8406
13528
14422
10150
13967
962
6583
2127
14917
5421
2489
9704
12523
1153
3823
14378
7838
10912
701
613
11231
349
511
13096
7448
12967
6921
1281
14659
8480
2656
8887
7158
6764
773
1185
3707
11081
12506
11506
5172
2546
9645
12172
483
13543
6425
10670
4688
5965
8172
5340
8252
1934
5340
7418
1049
10212
13058
3716
10748
4471
224
2524
5659
9352
2590
1721
5913
5393
14240
1920
9817
5372
8644
14994
503
10133
2864
6914
1313
9612
14672
9353
1876
6131
12149
2064
13523
8616
7377
11625
5106
7751
11854
5322
11954
11144
14222
1480
1517
9096
8006
100
14872
13366
12956
8156
4065
12565
11231
6745
4070
10457
5189
1551
532
2632
3687
5695
6769
2326
2545
6637
10937
7476
206
1430
6005
10223
9401
6243
2171
2753
12190
2074
5046
13454
5246
8935
13253
13028
12857
1607
8169
4943
8830
9508
1224
401
7078
4954
7832
2203
2207
428
7101
8939
6340
8164
10722
14538
1130
9646
11678
5752
325
14191
1718
9413
6128
9999
10793
10719
8204
4440
12089
4284
5448
4802
13116
8579
5639
3317
290
13811
1551
12298
8977
10647
9941
10215
14133
1940
13741
965
3411
7625
12199
7070
10364
13450
2542
13328
7191
7761
10931
11689
14319
9073
14526
12423
9492
3864
5276
5949
1157
12953
9780
3627
3163
9067
5395
8091
7240
3826
13535
4483
2678
1200
873
11348
11693
12975
13699
5726
13036
12757
11033
12214
9953
9109
325
4421
3435
14294
8930
9150
7244
12466
7818
11163
4709
10029
3795
6948
5201
12184
14012
12422
483
5505
10125
4052
13444
1041
8020
13797
156
11378
220
745
13386
13186
3064
13705
10255
5440
4246
6754
7036
11146
1158
4766
9419
9008
13089
4783
123
3353
2391
9449
3462
3617
12272
5955
1565
2803
9516
11049
6579
2809
943
11081
13430
1397
14884
9127
11330
9354
9818
14368
551
5156
364
2223
9227
6849
5914
6960
13131
13026
1540
8991
14930
5258
4247
2540
572
2931
984
2037
3060
9599
7134
14759
10490
3225
2788
8539
7280
528
5492
10825
2139
4941
2815
7708
9919
4778
576
6730
2515
12423
11968
597
1572
5290
5804
6611
9638
10930
13124
9303
11245
3369
1301
10297
3441
8675
2309
441
13631
3119
7710
9915
12076
2729
4123
12991
60
8377
12016
12753
10745
3004
447
8280
7592
6948
11405
3980
9750
13647
7635
6681
8264
3497
13047
10203
11815
6959
8027
4949
10793
14369
2437
10681
12036
2707
8494
1614
10502
3801
13215
5185
4857
13300
9236
3962
4098
11381
12052
10261
13360
9044
6241
9184
1617
5205
178
431
10264
2400
2769
7410
2771
5244
10430
152
2081
9216
3625
8923
497
14589
12927
5655
701
7395
14236
4616
7710
1527
271
7751
7400
13790
10171
3720
11566
4384
10689
4796
14809
1011
13411
7694
3017
10779
8316
7075
10158
2076
4283
10883
12640
4380
8334
3103
8691
12823
14554
9502
13991
12295
6929
472
5139
9016
4085
566
8137
3582
12600
6403
6365
12396
8726
7251
4951
13178
1082
7951
4064
874
3925
11178
6177
11271
9550
14324
4342
6586
187
1096
1050
6434
661
10363
52
6359
1402
12844
8887
5148
5363
10938
5520
10694
9646
7543
856
8685
4022
15
9033
447
12302
11956
6430
8787
14589
9562
9907
6288
2874
3010
4187
1163
10089
685
13536
10159
13670
9055
1404
9172
11406
493
127
12486
11574
14196
1514
13145
6491
14760
14679
6262
12047
9757
5300
3621
11869
4566
12156
10463
12364
14711
6781
12518
5928
3697
1929
4123
11206
90
10492
3724
7621
10183
6844
13864
1946
12807
9079
9040
14716
164
5670
5052
11655
10081
718
9967
11548
7283
12071
11297
12205
7293
4398
7087
14541
13372
493
6040
1550
14579
5635
10158
3084
12204
9150
1223
11471
4660
10291
2576
7775
9818
2696
11701
13392
2548
4746
1055
9804
2373
3512
3194
11887
223
7424
12402
8150
9145
343
9122
2841
14253
8548
7608
12792
3489
2814
13928
337
7735
4820
9532
4911
8043
2723
11509
6646
10641
2514
7800
11411
8473
6497
3048
11633
8200
5168
6204
9182
14700
7468
6396
2996
8587
2900
9437
8571
10393
810
11231
2563
11564
1508
7512
11432
10157
1154
7639
11758
7990
4403
13582
14036
8810
3528
1213
6765
6701
9306
1935
11001
6850
9575
7267
14466
13115
11823
5098
7234
5632
2725
527
2618
8575
3536
5616
949
900
10706
11240
500
13693
9880
5870
11642
8221
1456
9605
8375
5331
12025
5945
14818
12278
9076
12531
9264
2287
13408
5433
1441
14011
3731
10813
7881
5380
8244
9560
10380
3939
5845
6875
13523
11483
5111
5722
4627
1629
9101
7518
6692
1340
12579
11733
1759
4788
14031
615
9569
3028
7773
11088
8748
13229
13064
14773
7429
14734
12628
6109
4808
11438
6513
3205
13103
7525
8986
7256
7698
13518
10012
2538
11272
5829
10418
6031
2051
2585
11045
1460
7250
2839
13864
11121
14184
3355
6521
6474
14089
6627
10924
5121
11461
8218
8890
4106
6781
2045
7518
11467
9083
14277
13136
8781
3358
6058
3907
451
14650
1185
1657
5142
2078
3866
9598
5674
5599
13264
11297
6345
6746
1669
7735
7394
5567
162
8682
14910
10609
5016
7063
3535
12889
13070
13765
4004
1955
5031
1153
10909
12360
5951
5151
3672
4930
8010
3626
12078
8086
8041
14717
7702
9564
13338
10546
8227
12362
14922
11743
5972
14518
12426
1849
12320
2794
12043
10504
12419
9770
9896
8714
858
9145
5951
11211
11191
2257
2587
1378
10833
98
1049
23
13260
12530
3332
3721
1784
4218
12279
7332
1897
8241
12671
335
12394
7937
8955
7507
13406
4223
11672
12288
813
8753
14453
13178
13151
7840
11488
3544
5976
2813
2372
12693
2256
8256
9432
10943
6181
4051
7332
6005
11072
4757
6650
6286
12729
5274
10591
12749
9984
3328
6093
2176
5873
12012
9798
10207
14427
1347
3255
12489
12605
8509
2871
11642
13493
1579
10122
12794
12607
8721
10518
431
582
7127
3801
1506
8050
2657
11501
11143
1702
2982
1713
8558
6836
14494
11022
1790
3720
4989
12883
11641
158
4876
11493
10547
9537
9062
13062
2356
8280
7360
11936
11493
2247
10962
11015
10863
2656
1074
13520
8167
13355
2384
8602
9109
4169
11499
9392
772
11753
226
2839
14564
2838
13752
11722
13931
7517
766
864
9074
7094
1988
9263
3139
7278
1635
8439
9104
2447
1393
1421
10223
7997
9903
2130
13739
8413
10168
8216
4668
3188
3919
9985
1069
13905
11739
12227
14310
7696
14751
5052
9696
8684
5354
6734
4278
13416
13069
5334
4019
10235
11490
9487
2798
14958
12490
10454
842
8442
14855
9634
8594
11795
3584
12643
7193
899
13483
14884
3288
12156
7364
8933
12185
14238
11060
2841
8192
1497
13973
14697
14498
8848
14769
2323
1581
8922
13779
9803
6495
5214
9229
1851
2442
6106
3040
2762
5324
1888
10354
10111
9118
5718
3154
5825
2002
11144
6735
12621
11583
980
1598
11586
13722
5762
14066
13884
1514
8070
14374
12635
7461
11076
12038
4703
7369
10342
4460
11338
2250
14948
12326
1474
1730
2649
8804
12002
12296
8559
967
6485
7607
12206
6053
2390
2118
6750
8706
10206
13800
9750
304
5779
6730
5504
7302
257
13418
1499
12567
2039
3431
964
7554
3409
5307
874
623
4726
5644
3165
13689
7165
8946
3835
11326
1569
2740
11182
4771
9134
8947
11981
5124
13326
4624
4646
4122
9453
921
10901
7534
14573
11822
11419
11369
6455
13722
6573
4830
9455
5533
12080
3031
5090
11646
13902
13620
3391
13302
6760
2994
13207
6024
601
12367
9506
7444
7162
3204
7016
6683
151
2324
312
2516
10045
12705
1560
3941
870
9102
250
7077
11611
8870
12816
11398
9300
9107
6020
4697
13599
267
4550
7402
7771
2581
5370
9922
9408
7066
7277
2178
7366
4142
14420
3413
9870
11685
14057
7287
4080
5026
12195
1258
6681
9603
3705
9111
4689
12232
1667
10633
12335
8490
7918
9845
5730
10305
9105
1965
8269
1006
6104
597
10101
863
13069
11581
474
3169
6837
9196
14472
3703
4710
10982
10169
10608
5204
6636
2664
9783
12210
1169
644
10972
5747
1901
5824
3752
14221
11515
627
5997
3742
14005
3153
11444
6622
2943
12941
5240
9017
4961
3105
2256
943
5245
7492
2834
818
5017
5934
9571
11812
4959
8779
13459
954
13991
12914
12661
1480
13038
10896
8292
7810
4488
13462
7792
12909
4952
13668
3648
2448
1657
8184
250
12642
7957
11655
13478
13177
6138
14527
12177
12180
5509
8111
5556
10790
5334
1011
11972
6288
3083
1535
7165
9921
10816
14887
3320
11052
12180
3978
2948
12366
7544
1025
1608
2867
6488
8415
11246
7965
5412
9062
10948
3607
4264
3155
11644
4804
4390
6856
13267
9415
5526
13517
454
694
13556
13737
8368
8096
4767
5074
4008
5480
13874
9647
87
11478
2315
6895
5736
8928
11513
8520
9120
6754
819
2141
7717
615
13972
1213
2555
2770
3874
5188
10393
13798
8533
112
4603
13894
9917
8266
7400
305
1060
13983
5659
1702
2202
9107
13023
249
2288
7849
3435
11975
6564
1464
13141
14867
2035
10805
5179
4861
6916
4729
2252
9332
11449
11760
4941
9320
4361
11878
3152
10886
14545
9245
5391
12593
8361
2495
12254
4849
9330
14940
7982
2763
14253
13689
14262
109
6735
677
420
4412
2777
14657
154
11236
11259
1452
3795
6275
12168
4376
14092
7762
14093
780
14295
8913
9155
567
4403
6014
4813
278
8200
122
12491
6730
2942
10776
5812
11785
3637
1915
12258
4383
13806
4451
6991
10648
12841
2899
13518
6485
5016
7730
6837
4921
1208
13803
6
11959
1480
4540
6452
826
11571
5776
14922
12936
999
3065
11591
7124
14863
13925
2358
4951
12958
7044
226
12906
9002
11516
5583
1274
10984
1384
5627
376
6806
2931
1852
10292
13451
4597
3771
9013
10107
2665
12718
14352
10927
667
5307
1331
6825
13816
13247
10885
9925
4795
12231
1812
11882
4369
10446
9170
5624
4867
3446
3316
6244
4126
6578
288
6015
2432
2639
13123
12373
14144
9202
12877
6704
9266
700
1522
2125
13511
11651
5029
5790
3581
8242
7723
3543
6400
4465
1897
196
3036
3391
1250
13527
9846
2571
2801
2032
4174
12322
9136
4580
9251
11827
2963
2640
10675
8695
8900
13895
4917
14172
11444
215
846
9104
1322
14074
2035
3442
7563
7256
3609
1748
7758
2666
10263
7908
9210
5577
8381
1355
47
10693
14372
3581
2854
3130
1137
11878
13366
11572
5455
9718
11012
14379
7296
9107
574
2225
12136
4654
6684
8857
6910
688
13435
11106
9463
842
9855
11936
2689
12267
1381
9436
10449
10804
5658
3810
12921
11424
2132
3368
3690
14583
9851
7942
4449
14841
12611
9120
5617
9688
14232
6921
2934
11623
1222
10882
12785
14263
8605
3464
12357
2840
7549
7476
11172
6787
12076
3499
8190
8270
6337
7798
5536
7969
9612
2916
3749
10238
14012
3787
1508
13726
10324
5453
3493
10213
14291
8271
1881
8007
12806
9501
13469
2573
7109
1809
6306
6375
9439
9835
7645
3638
13434
3922
14630
4769
715
4665
9775
2220
12910
12724
6219
4154
10707
13161
1264
11895
6149
4004
4434
5008
11672
6747
1262
4854
5622
2504
6415
405
5926
4341
9553
4746
1755
921
7736
139
4108
6985
11787
9313
5300
5874
14363
14401
2112
11970
13506
7304
4121
1974
9018
1764
2750
11798
7979
4223
9719
8165
12711
2086
11095
3893
12606
4329
9367
11919
5794
12139
7843
3624
14358
6792
5068
8383
12616
214
11057
14594
13503
9573
1931
11208
12187
5368
2772
10090
1800
1221
8346
7699
4662
12289
4005
7159
14297
6292
2003
6327
4472
5892
8125
5514
2283
614
6864
5127
12534
8863
6282
2062
11804
8280
126
12687
7602
11608
5646
4835
1778
13275
11036
12103
2720
408
2941
10950
13397
7881
9458
774
6709
7035
7469
387
13231
7606
11220
9271
6289
10374
8565
14891
2757
8111
11551
9431
4683
9216
10768
8589
6420
13990
2552
7548
10289
9545
11913
8440
1734
11227
5809
7327
9895
13572
11262
2287
485
2956
13590
11282
6612
6696
127
14611
7732
5925
1137
9667
10642
8843
238
8868
7875
3064
9955
11191
10149
14694
10519
12288
11425
10454
8356
8951
6256
6483
14806
6578
1257
5316
7783
6045
12645
14657
1533
10844
10127
5239
5489
2735
13811
9942
12341
2060
2058
559
8753
9635
3895
6875
1113
7746
4922
12231
13903
10369
182
14276
5512
6608
7392
5146
13342
7724
13230
12381
13458
11832
13146
12360
6099
5368
9938
14261
14464
4369
5326
2198
10653
653
5429
4462
11101
13098
14291
2409
1469
4810
6995
10882
10993
10997
11917
675
14597
12314
6117
9911
10554
525
8264
7636
12355
6650
315
13596
12562
9295
202
2666
276
11080
11793
1385
12950
356
9130
5576
8819
8045
6364
14130
14603
10693
3117
8042
11905
1060
13660
12348
13009
4653
7701
11471
3868
13352
3562
2270
10193
12683
11706
3590
354
6209
13320
4713
4040
1124
5595
9345
10700
5479
9869
3632
6876
2060
2283
4876
5390
11557
12264
11376
14667
11822
278
1934
9203
13007
2202
7113
2737
4583
6515
1278
14130
2651
1407
7346
4928
10423
2177
12086
6974
8011
1851
9248
7647
1215
83
13588
13559
7961
7790
6063
11957
2243
8702
6187
13387
5058
13713
5399
13356
4352
9888
2918
9769
1755
11536
5616
3920
4735
8896
9869
4210
822
3063
5189
7183
208
2274
2158
10505
1182
13752
4757
10449
2423
6874
277
9937
14341
8121
9221
8336
10138
2725
12811
11555
2437
12176
4582
13310
9497
125
1842
13943
1468
13968
12125
4363
13108
1732
8286
4199
3453
2379
845
11157
5560
7805
8677
2201
3590
10615
12950
12263
6602
6391
4896
4043
7676
14739
12825
13141
7441
2995
14407
2623
6840
3529
6682
7084
2168
3347
14680
7430
4917
11162
10964
940
2881
1147
8145
11919
1374
12056
6720
6775
14450
14018
4905
710
12316
13188
6413
7169
8803
9031
12906
4175
14310
5478
4360
7439
646
10373
4473
3202
4983
8211
9774
6298
10877
9449
14036
750
9076
10846
5981
13611
12544
6872
5442
4608
3586
2289
7646
5006
9148
12716
12086
8314
7811
4018
10381
473
8427
11742
14660
9407
9226
2561
9071
12907
4770
6722
11330
4426
1530
14470
2746
8527
1534
5856
2704
3108
13866
7797
9456
512
8646
8822
10024
8629
14731
13475
10699
7692
3476
8129
11966
1200
11183
5583
4690
1500
2987
11683
4072
10817
2108
14812
9131
2223
14537
10763
2886
11007
14287
14067
9990
5020
6142
1954
834
1148
8817
5083
9200
5118
139
2642
14305
14538
3749
187
172
11655
12876
7487
6401
1557
2831
9772
12171
12664
9750
12791
10104
1773
4766
9833
8797
8156
3857
12275
3002
9426
7954
10432
8166
14194
12758
4310
12099
1880
14118
13279
4977
10994
545
5066
7817
11651
10798
10145
12831
228
11167
880
13315
3633
274
41
9953
2150
10521
12102
12980
10532
8761
7988
4929
7772
13007
4840
6535
4055
11430
11433
14869
11464
9230
3905
6388
9398
10062
11449
1156
5201
5586
14816
13674
3144
3007
14104
2326
11029
9619
13958
346
5254
11603
11684
3279
313
788
9124
1202
1587
1218
12235
12388
901
10975
7487
5783
4827
6579
12767
5203
4034
7426
9886
8193
1966
515
9267
14895
7357
5652
11511
7170
13387
4715
828
12266
5731
6015
10775
4447
5423
3486
9658
8953
461
10768
14169
3485
2102
80
13246
1667
12411
12002
4755
8020
13822
4591
12676
3266
13866
11854
2790
4463
14193
1854
6536
4367
3368
2606
13292
14570
12944
3005
11874
2593
5436
469
13666
2
14898
10785
7099
11087
12624
1216
14429
5592
1837
13434
3984
7305
2625
11479
11686
7966
7617
415
12324
634
8235
2548
10728
743
2018
3651
5511
9064
10998
6546
446
7907
13996
13443
4771
13802
7750
9038
11976
1128
11590
5910
2594
14848
13692
809
10516
11713
11354
6851
12979
14255
14384
12036
12222
12707
11280
8197
1821
8594
11864
2067
2610
5106
4192
4042
9904
12929
8655
8066
726
13280
4551
3271
9088
1941
369
13162
9387
3766
11366
5133
3003
2865
10795
11884
4683
9841
5759
1735
2399
11554
13645
9924
10505
12006
12073
3313
1663
11592
2937
9927
14310
1957
11281
14210
7645
14266
691
12325
7976
7961
10417
1162
7918
12101
1328
3639
6098
773
12779
12316
4651
10982
11769
9241
8000
3840
12172
6557
9076
10826
6687
4049
9577
4890
4619
11538
6701
524
10646
6445
5590
3636
9256
6701
2986
14663
10715
6201
14287
7363
8615
11985
4100
912
12088
12198
13082
12718
12629
7553
7211
3093
11709
7579
13997
5307
13031
2212
7899
10111
9454
1896
12161
4629
6207
6427
6417
9267
1097
12461
9935
12056
13672
6913
7669
6692
8646
1743
3004
14019
11119
9738
5248
4291
3399
427
10126
8068
11650
8444
2868
12871
14271
12585
13061
703
6714
8152
4585
1460
7709
14833
3301
3127
706
7113
7995
8152
2600
3369
14977
2499
167
14043
4750
7609
6777
12932
4135
10834
4967
1341
7349
5320
11142
13707
9312
7430
3996
14399
7804
4328
13763
2816
14142
7893
6976
12292
3299
10278
4240
2774
14245
4514
5961
6017
5115
10466
12240
2994
6292
11120
13020
4691
2608
11237
5373
11484
9851
8511
10602
10269
5151
9297
8127
9862
6380
13812
14447
11599
11807
5532
12116
3947
4061
12245
5736
9071
6106
2476
406
11497
11978
146
6938
9923
5282
6971
13442
3687
5148
6005
12016
3597
9982
10356
845
11207
12750
10258
14859
3029
3628
9892
663
12188
3444
10391
2185
5530
6214
4073
7633
12597
14116
4741
1232
2969
9375
14630
2280
2504
3686
3948
10497
6403
429
1204
9161
12199
14590
66
3255
11723
822
9594
877
14438
1438
9053
10487
4469
2164
2646
492
13530
1678
1699
1376
6488
11683
13761
13611
5899
7086
8121
5826
2284
7767
8519
1384
7338
12152
2569
32
2109
8977
14436
11258
8603
14560
3009
14792
10877
8425
7447
14691
2652
6365
14130
13007
12517
450
9442
3783
14012
3639
3662
11559
6852
1650
9911
2196
14940
1824
13705
14682
6509
11985
4468
2330
2489
7629
17
5837
8366
14495
12944
14722
9167
6708
13902
7904
195
4488
9387
7017
7831
2646
13434
9947
3302
6321
8537
5275
12513
11155
11800
1168
970
1969
13263
8194
5778
906
1448
5325
6979
4219
14604
2950
11087
4944
257
9280
3255
12008
11529
371
12776
10406
11926
5739
9143
10175
2809
5184
11277
10797
2994
3647
9174
2007
11737
13948
2027
12906
4115
2370
7664
8689
1232
14425
6768
8068
12649
9267
8660
14512
13728
14835
2258
12955
12216
11218
13458
3066
1402
11983
4764
6545
6113
13411
1413
13870
4614
11502
2489
5466
12677
7113
14546
12933
2568
11553
9142
6789
11090
8004
3119
3498
5019
13260
340
6682
14818
2013
3700
7764
8370
525
4138
11819
8019
9287
301
4633
10561
7603
13055
301
6882
12358
8861
2266
10200
1905
4469
5294
6254
872
13451
4532
6168
13882
9359
4462
7291
3200
3296
242
10307
7996
8132
6311
2035
13856
583
8181
1727
3495
9792
3887
13446
12364
9876
13654
9147
1165
1082
9043
13331
10027
4013
8184
5809
8393
13832
3731
10324
13471
10139
7632
3346
11562
14164
4131
10094
11769
9761
6519
6132
1262
3546
4117
62
12784
10995
11732
5591
1113
1703
1081
8044
5841
2848
627
8194
3838
13507
13726
7291
5949
609
946
14243
11954
3263
10688
9726
14295
8343
14217
8516
12333
6367
13514
9044
1933
13792
6319
12438
10033
12113
427
5885
4125
2321
2993
11657
411
14980
3179
1635
7071
2461
8716
3713
11343
11169
8804
14361
3262
9012
10784
9451
2135
9717
11115
3519
5504
4108
2709
3869
5866
7980
4525
6227
14075
10108
6198
13953
7142
47
10956
2712
1704
675
5266
6161
12040
13519
8962
6579
6226
10029
3464
9796
4207
5311
14019
3368
9245
14614
4256
7183
2727
13037
14996
11121
1593
13036
8590
8861
10770
14632
5808
2719
9853
1632
7736
6935
4590
8411
6487
14262
10630
8893
4309
3420
1947
14216
13550
5357
743
5903
13821
13626
12339
8534
14868
10611
13729
13453
1485
9666
8451
8380
8920
3291
1082
9304
7738
1639
10230
1450
574
12008
6359
14705
13626
12431
4142
14950
4201
5441
7292
8926
14272
12048
12612
3636
4927
9749
5807
2092
3343
12004
5829
7653
8826
208
14578
2198
3931
6493
8277
57
3891
10428
6872
12804
11757
801
564
3340
10423
10656
5965
3380
949
10070
7350
3980
6556
1996
10208
5757
13591
8310
2708
6904
8714
3994
9643
9894
713
6156
7861
3082
14163
12878
214
12443
2225
8205
6354
10166
3093
4959
3969
13664
8728
11856
4179
7392
4212
1619
400
10971
9275
10973
3556
4265
5138
14030
14110
12629
9174
10025
1780
2683
657
4267
14293
2273
7809
5368
4978
5976
7750
14769
14306
14028
11045
5961
9840
9670
10221
5719
819
13115
11349
9918
11018
5229
2793
10575
906
7359
13639
9104
14405
2158
5490
2822
1753
4403
6106
14622
12818
10030
6694
7394
13605
4524
1632
2631
12338
1160
5155
12418
14292
14912
9211
9834
2089
13126
5136
4233
13473
8223
13713
6221
6988
8625
3073
3275
14525
11549
2601
8451
5973
475
3394
1582
2973
6981
12804
3868
580
7996
9160
10162
6128
943
2167
5368
5005
938
13917
9273
2039
2954
1902
6131
2158
7598
4251
11783
4733
178
13224
6363
4511
9597
3733
4066
11823
9058
8351
12013
12514
5356
2947
13994
14931
5691
8198
7019
1906
7195
9148
14386
11466
9219
1755
5192
5269
2947
5059
2261
8111
14862
2132
9209
10828
14479
8348
5937
10799
1984
9603
14333
5472
4566
10245
8887
4544
13433
7900
10278
5452
4975
13656
14600
11812
5023
9276
9566
14543
12275
14637
13513
2285
11862
7617
1962
6800
725
14098
10959
4840
963
830
1530
4882
1813
14396
6939
14612
5308
9773
3318
12567
4576
8757
6575
898
521
3500
12594
1703
5913
7358
11423
412
11086
13235
14346
12752
9019
147
3713
3055
78
5514
7254
13428
7868
10468
10556
914
3233
14341
10207
5784
10644
4911
9924
14991
8766
6297
11103
8569
4995
3161
7348
10087
14169
718
5333
6158
1093
1012
9673
12912
6758
14124
6134
12227
10377
3919
10974
7840
4235
7320
2548
9418
11621
7963
5690
672
8401
3086
9123
2929
836
8050
4403
6659
6468
7158
3326
2576
12056
7328
2830
9350
8438
10600
14574
9209
13087
11028
4651
9816
11503
12562
10427
640
14057
8197
11669
3881
2047
486
2296
10771
3399
14150
10768
10060
8562
2214
1026
14137
14142
884
14825
10102
3787
8442
9649
8708
14002
1796
3001
14470
14632
13102
7182
5792
187
5792
10834
14197
2580
14607
1051
3203
9722
7625
11831
2389
1519
5004
5037
10549
1164
1963
3400
804
2480
12406
9837
1767
10885
10165
2811
9623
8347
11578
10250
7126
14014
14632
8483
10897
8339
1947
11360
14734
9120
10749
13405
371
7361
12362
14875
2792
14510
1769
12358
5499
1833
208
6132
6838
12574
5635
4189
5247
3124
7800
7722
6548
5672
7922
5487
13296
7864
127
13306
4071
5245
7256
7965
8970
11521
10438
5648
2967
3896
12699
3663
5176
9284
7540
10003
8910
4400
14609
5428
1146
10230
12461
8676
207
3332
801
9559
5168
13816
8120
14950
7506
1149
9126
11427
5
13350
1842
13783
12244
615
10045
1879
5214
2538
2277
13494
4425
11719
13563
2683
1771
11781
2718
2866
3852
13397
6121
7097
13443
3055
4824
3593
9947
2268
10706
12004
4505
11585
10059
8853
6733
7293
6009
203
10867
2466
6873
13584
5173
14847
9638
1166
4055
11286
6885
5545
1198
6489
871
6568
11397
12256
3092
12740
7054
11877
12112
1075
5594
7593
12245
10486
14277
9207
2989
13150
13129
13246
4122
11686
3781
2508
4405
5210
617
14485
7495
13405
9425
10763
10351
11768
11251
14408
8984
13774
10559
13934
14829
7900
3355
9392
1580
3390
9168
7769
10517
3413
14812
12426
9766
1172
6013
13986
6004
5378
13694
13917
3464
1714
12273
7783
9219
3269
7881
1122
935
13314
8747
1346
7532
8107
1457
6682
588
577
6314
13016
932
10778
2953
14187
2927
13150
9137
13437
10400
12026
12962
7027
1436
11507
6210
13561
14073
268
12075
11362
9159
11635
13764
2725
8298
1557
13991
10724
8321
2810
14799
12046
14662
12643
12772
13452
12978
7160
8445
14257
13172
5094
4744
162
6366
10269
7721
11205
1541
12920
9900
5990
3195
6382
12744
11996
8258
2629
963
6970
8791
6382
8604
8353
3416
1051
5265
9562
4243
1877
6325
3314
5965
9939
6341
12591
748
10500
5144
1847
1834
3597
4729
5479
3750
2735
1162
2425
14880
2055
12103
1327
14209
9281
11180
4267
12853
14031
9995
7145
3070
9794
5710
14828
12118
9268
9445
9933
8481
10292
6101
12715
12540
3352
13614
7644
11342
8337
1894
1089
5881
2656
8391
14991
13661
14870
5018
4706
9114
4402
14631
12900
13559
683
4315
12763
7772
9893
13803
11793
7104
5977
3
11189
1392
7172
2670
694
10981
3993
7329
10592
11688
11083
8384
11967
9157
9779
76
1456
13066
7880
10624
9584
8898
12964
5551
1387
2690
5050
8493
6510
13606
12598
2910
9649
6161
7149
5870
14140
6496
9404
2301
4458
1778
3060
12118
11635
9550
7946
14357
5931
6521
13653
2524
11848
11891
3041
2528
825
2500
11944
13028
3225
3592
11048
1938
14011
2180
13216
7433
3136
6307
11019
1312
59
9690
7335
12653
13470
6293
3064
10242
13405
9412
3310
5596
632
14077
1189
12242
2127
5527
7690
6087
13893
11448
14915
7267
10759
3212
11663
13980
2022
8298
5069
2101
11288
8957
9073
9656
5868
1108
3937
12973
7076
3398
7773
5327
9821
8766
13525
6095
1394
7926
13189
10416
727
9155
9275
12502
3609
4261
8120
14339
499
9921
11221
9447
9579
9725
12365
10220
8603
3344
7696
836
2659
14267
6113
3871
14691
8064
7821
13444
13414
11653
13099
1299
4531
13925
6211
10053
5557
13012
12367
13705
8858
10508
6950
2501
13329
10761
7591
10364
7900
7757
9715
4657
637
10232
7891
8257
8973
1936
14584
2694
14352
14257
1858
9326
13460
4482
5800
9470
431
500
310
6812
7336
4223
12013
9216
6198
13490
4916
4182
2990
13455
4484
11834
12576
14961
3337
8504
10064
9091
10916
12712
12194
12982
8221
6299
14438
5638
9230
4716
12124
953
9283
8149
8985
13054
4158
2029
10975
13726
11967
14611
4730
7737
5896
8738
10615
4209
10574
1417
8255
11651
6107
38
713
7455
3017
11398
8238
1100
13457
875
8862
2216
5777
6203
8960
2612
3996
7937
9622
1785
9540
14562
8415
6097
9434
3054
4142
6780
14854
2000
14239
9365
2314
9116
4834
13856
10424
12245
8160
114
1517
9400
6922
10213
13925
2976
570
5807
14229
9806
12537
13518
135
6957
1079
10354
8360
2736
7888
5846
12966
11081
13212
9485
12253
6430
10047
4277
296
1210
1839
8555
4373
11709
11677
7771
11825
9289
9906
2433
9099
3858
4522
10969
5461
1481
1910
3359
11268
13550
10851
4188
3825
559
5080
11590
13575
89
4054
12843
1989
6633
8008
4394
13014
1464
1193
10190
13083
3073
9124
2047
4427
5264
11199
10015
5825
249
6761
14134
10403
9986
7450
1146
13299
2566
8978
3086
14606
10887
3393
3782
2601
8471
11510
10324
8844
1539
11355
8283
9023
8973
11014
14238
6521
12620
8074
739
5663
178
8995
11329
12953
8410
49
6603
6440
1660
5636
11936
14588
5710
12302
10568
10786
8720
9494
8046
9859
5084
14888
8693
12463
10001
1801
3528
14496
10539
177
609
1620
12928
9849
4957
137
13177
14660
6403
9205
12811
5546
6831
2590
12409
13855
5952
779
12216
9099
7418
5526
4926
8658
3856
13529
14552
9715
5202
1349
3815
982
11054
5282
9246
12831
14558
2929
9035
14231
12782
2861
7431
13505
1081
6735
6076
98
10751
1185
12746
14562
14981
11914
9358
8535
12609
12832
2775
1376
5352
6676
6070
11087
2525
231
890
12224
9688
1635
8796
7950
6770
10588
5606
12181
13800
8981
979
9050
13667
12095
6707
12038
14227
6187
11270
8465
14771
8169
594
12588
1973
441
7387
1711
5387
10223
6533
1984
11031
7932
5401
2725
8840
9191
1354
4769
10362
4274
2819
7994
680
13848
12071
8972
12000
12037
1372
8054
4211
3182
788
14665
9215
12448
14818
14577
8347
13444
13374
6444
2887
6576
9789
10552
13302
10576
5048
14914
4201
4851
2718
14464
7753
5483
2321
4295
2592
9612
3402
1528
6828
8877
11730
8814
9561
11508
12959
14459
13530
12908
9607
11408
1692
9690
8163
1299
14047
9830
8859
1531
9234
10676
4650
12687
4482
7929
982
468
14726
435
1134
9797
8242
4114
13176
10093
14166
5315
12390
14984
7459
4266
8004
5295
6857
735
6825
7730
104
10218
9360
14136
10521
10961
8650
13139
2935
5144
1113
2294
1776
5879
14259
12136
8418
2063
9713
13618
12892
7710
9003
3332
10314
10299
5371
6086
13588
5515
9098
13778
1076
11682
14914
10375
7706
9533
13002
8503
957
10931
6063
3394
11624
7108
7821
1780
14919
11058
10858
10226
7613
3964
10379
1434
2988
9994
10390
7368
6127
6106
12251
8981
6031
9905
5759
1217
10889
4525
8030
5849
13904
2215
7228
7284
7060
12502
14593
1687
11342
10174
7327
10849
7398
4384
4809
10248
14300
2947
11409
11130
8928
7232
30
8472
926
5627
9281
9437
10625
12725
6690
9396
14083
13134
12660
14223
8518
3032
7881
8660
8026
8543
14083
6170
8316
7693
6017
1217
8183
1186
6802
3839
2841
10152
6009
8847
1772
3188
5692
3324
232
3785
3939
6260
794
13702
11458
12671
5595
9176
6875
9535
12000
9122
6323
14585
1993
5456
8767
2417
10616
1188
12835
900
7751
14943
6854
8919
11342
8905
9438
1925
1528
3148
7491
11845
4018
2931
13883
1106
10375
14424
12698
731
8795
12946
3587
12331
11514
37
10983
5820
6531
7908
12896
7228
14006
8809
12227
5538
9727
7733
12752
7809
4519
6187
6544
11987
9238
6519
3602
8089
12766
3037
8481
2030
4847
11491
1806
2196
12419
240
405
10182
7821
9542
10047
10388
11106
8730
3123
5245
6268
12469
6313
1775
13751
3354
6221
26
14434
8072
2548
4874
2652
12098
9335
14787
8529
8578
6721
14527
5095
5612
10590
7883
905
5526
1865
8240
10599
11622
5618
5861
208
4067
1627
14265
501
11541
1054
1166
10507
8649
6965
11793
13517
645
3365
5598
12300
378
6991
13177
2812
4782
9964
7671
2572
11209
14165
4403
13249
4648
6709
9972
12439
9781
5923
2643
7862
4160
5543
3651
6700
7830
10656
5417
309
13912
12320
8587
5252
13207
10029
6037
1549
13274
2117
4190
6857
3186
14981
809
1100
4805
13126
14183
12198
2542
7429
5322
4076
14726
1861
749
8386
2300
10242
1143
10000
12360
581
14902
6366
13477
7119
12680
4525
12780
12252
4764
9660
13349
8502
11719
11643
6897
9267
259
256
2755
1388
5386
5948
6460
2874
10496
6328
2830
5855
2206
4625
13648
3103
10835
12213
10433
13961
1181
7714
3840
413
5261
12642
12375
9276
13065
1476
2263
14319
13378
1377
4319
2285
14590
4145
8910
6372
11248
8307
8248
9787
13995
670
12502
6969
11390
14430
13749
8742
2177
9510
10105
1285
9973
12558
12867
4874
962
3281
11589
6206
9178
6254
12374
11395
6986
6817
8960
4606
14177
6686
5919
11393
8441
14985
9876
5825
4235
11764
6216
13211
6439
2742
2772
2110
9225
1637
14517
11669
9198
11080
7237
14452
1957
13651
2852
11491
14683
511
2790
9628
14151
7933
13925
77
5597
14351
4607
13859
5046
14060
11275
3699
14812
8670
3893
6782
1531
9874
2697
14064
5762
1915
4260
3789
11137
7562
11046
14985
14989
12111
1811
5298
13503
2677
14232
5757
12459
14277
2067
2257
12291
14873
244
3260
13019
9138
6616
752
4712
5537
9476
2657
11306
13511
5270
10333
1305
10402
14406
6521
12523
7260
5092
2252
251
14473
6068
13347
13157
14677
13004
6977
9350
10207
5206
1991
12889
10718
6192
7519
7092
3127
7121
1385
1521
13904
8294
4985
7680
3084
9107
12246
13122
4675
12925
9671
3960
3165
7299
7155
2754
13852
1277
2629
13779
7235
13877
4299
14394
13894
4267
7834
484
7655
3620
11319
4972
11098
11610
12916
172
6550
8254
9349
8653
12481
11474
7302
4419
6142
4147
9987
3212
8806
13948
3627
2559
12248
10686
5282
10457
2350
10283
12762
11650
12326
690
12077
7798
5513
14668
13930
12440
188
9405
11865
7145
968
6678
10916
1062
3240
2407
14981
12159
10342
14443
4150
4484
11427
636
537
12986
4594
11580
9348
6627
12535
1501
12592
12396
3529
7889
5391
11848
8576
13067
5399
10305
4421
8958
6391
3870
14950
10788
6757
13424
1802
3078
14426
8543
711
1683
7131
2210
4333
7500
677
5820
13270
900
3155
1081
14637
3548
14007
5647
13657
2924
411
8650
5436
12454
8979
7304
6164
14405
3409
6987
1501
2827
2723
789
2672
11783
12301
6293
6837
8117
13111
5063
7832
3984
6396
7506
8747
14587
12198
2771
5752
13405
6584
8895
2489
11010
1610
1118
9982
7966
14147
14075
9882
11620
6358
5840
2083
12029
5491
9662
9452
12269
13352
6522
1304
1239
764
11171
13981
5864
5489
7671
12315
6137
12651
13141
6096
2878
5281
574
1649
11539
13743
2493
6191
14902
173
1885
12819
11880
4464
3098
10407
4925
4427
2031
11699
2564
4026
10094
11929
8464
2594
8823
1342
8468
1480
8968
7533
12037
6581
11354
665
65
2219
8036
12150
7421
926
3017
5069
8188
4353
5108
5418
212
10684
14388
9092
10555
1016
3066
9201
8079
14495
4407
747
3858
1307
7139
6555
2420
2833
13344
9504
7618
3488
11141
8404
12973
1844
598
3748
11190
8482
601
1226
12701
9832
9195
14192
264
3163
5865
5090
5624
9595
8875
13361
8112
12895
7106
8848
10103
8848
7226
14981
11493
6149
9083
11485
12977
14443
13193
2220
6713
5775
14084
12345
11363
865
9378
14898
4816
6462
4767
12016
4233
12050
7231
10041
11129
8656
8362
12598
11514
14537
8310
7969
5491
14572
7187
12726
3415
13759
13359
9114
10761
6291
9626
14748
11267
1749
4179
10534
5078
3382
2801
14239
13884
369
10199
12601
13425
13108
4463
11563
7848
9117
5751
6850
11154
3490
10048
401
1537
3005
1643
8017
6130
1994
10750
14238
8337
151
3660
10833
6542
1055
451
13419
12950
12162
13863
2149
6541
14061
12492
497
2390
657
6296
4188
4677
12891
4471
8818
939
9879
10560
13230
13417
2410
869
4333
7393
8651
9440
14886
2149
1100
2224
2568
7658
13891
4787
6160
4975
10023
8437
4653
10672
6402
5319
770
6760
994
7011
6047
9115
11899
9428
5028
10689
6989
10818
11132
4070
3821
8642
12961
10966
202
3741
11314
4542
14871
13255
14342
10534
10632
8823
1363
962
14770
14127
8424
10320
2004
529
10475
5659
2844
7409
5984
4846
9127
12874
526
5149
12481
568
3951
2277
12853
6445
8613
12156
12625
6047
4044
10211
12882
7438
8799
8944
12207
3619
66
3015
7884
7516
1009
10665
14166
7829
7868
12717
9062
8224
6865
14930
2771
11437
10428
2823
9848
12301
5956
249
7096
3279
6749
6364
11745
8725
14933
13133
5348
12057
5005
1292
855
12561
4223
5119
9813
2051
14895
1824
10428
4569
6247
10961
12400
5101
810
8630
3008
10296
13437
10497
4301
12891
3173
3124
7939
10329
8393
3542
741
5932
1477
7344
13969
8348
9727
9321
7773
7862
4426
2782
5573
3121
13037
3517
9003
2772
8736
10280
7001
13339
14010
224
3453
12032
5393
8871
482
3245
11151
263
14479
11712
13365
10433
14702
10256
2495
5885
6923
11892
2267
1888
2238
5603
11543
5380
13088
5886
8999
8425
1982
7905
11560
12561
8117
552
10812
2529
4650
9366
9994
1652
11676
9873
9817
13826
13385
570
3409
12637
13705
14768
1646
6580
7763
8075
5914
14952
387
4462
10293
10723
13340
14079
13515
5129
2983
5048
13443
12807
7960
5151
14424
1896
14386
9803
8510
15
14247
5749
14466
2406
9653
10310
8254
5269
14944
1519
9664
4958
10848
4418
4925
9164
11719
6456
3615
13804
1993
957
1745
11260
10472
3229
2387
9129
7188
6458
8975
4524
9531
69
6798
412
7258
11521
1687
1383
10544
4240
10309
9201
13923
3613
13572
13799
7978
3681
10176
6766
846
10193
539
10597
12310
13772
1089
13457
8917
8834
6592
5158
6098
9215
3753
835
6812
2503
11998
8150
13160
4156
8631
8959
1849
4147
6069
1737
8842
8437
5858
3226
1547
7257
7179
14916
13333
8671
1452
4060
14780
8431
2870
9304
3344
6183
5447
9102
13360
7035
5886
3935
6852
4375
4801
9194
7740
13264
9533
13621
2483
1889
1041
8790
6466
7234
1808
6135
3418
13450
81
800
8242
6293
4092
991
12784
12952
4316
6594
1376
4561
7467
11021
1015
4
3735
351
7754
224
12927
6183
12496
873
7889
900
14032
1438
12804
5585
9201
9426
2988
6775
8316
14096
10975
7093
1944
7711
6603
2419
4690
7845
3274
2780
3318
14488
12308
11322
4822
1655
3551
14987
12758
6832
3021
1457
11106
4019
7667
3967
4541
1563
8577
4327
4863
11644
14674
5312
977
14199
10386
14493
7648
6547
5071
4161
2396
1886
13093
13934
14972
2874
1330
1078
7024
4802
6691
8576
5627
5667
1809
9716
9619
13744
8876
14410
3205
6525
1634
10763
13602
661
13179
1619
11120
13543
11772
6095
10094
5443
13071
4025
889
9163
6371
930
8060
10492
2453
10927
9191
6524
1419
13020
3470
5149
9897
14820
5140
2879
13842
10691
8333
2396
5548
12707
9333
6093
9720
13226
12520
14266
8860
13621
9279
3839
271
11661
3804
12282
7937
7688
12602
1728
10180
10011
971
8767
9019
9499
11015
12862
12518
5627
6454
7849
9295
12927
12363
11233
11644
10023
8350
8720
2057
7823
6836
3978
10153
5891
6588
11983
2329
2720
1352
8741
6825
4902
9614
754
5968
8033
13075
6687
11267
303
1651
11128
1785
12420
14055
2367
214
9392
3243
1633
962
13330
4186
1168
8342
6047
4521
9040
1442
1371
13134
549
12485
10535
731
8537
274
427
2834
12652
5772
12083
3534
8060
12422
2349
5587
1844
5402
2387
11916
14440
12411
9372
6551
2222
14360
9141
6327
14840
4496
2308
12574
3478
8877
6757
7397
13289
4351
10589
409
12642
11326
9556
7428
8145
794
14040
7717
3378
13186
13524
12804
5217
11888
11095
6038
3430
12438
3281
5650
60
4295
2400
7598
12107
10340
5025
4897
11549
14273
12379
301
2078
4883
9997
9528
1524
14273
4519
14888
8702
8084
2317
7960
9761
2389
80
6588
12205
3225
10599
1925
11175
13307
1748
12473
6496
10894
4497
3810
11346
2525
2208
7241
5738
11842
6050
895
14008
2151
12847
5848
14468
14308
11252
14724
11852
1437
5835
4611
14432
14671
13676
1253
5950
13544
14337
315
8536
11376
168
2421
6931
6287
12721
9849
4115
3821
4519
6820
14963
11248
6092
5729
8376
749
1316
2220
13325
8334
6172
8633
10553
7108
5267
2893
14444
8289
8982
1208
5889
14421
7074
8638
3421
3500
6674
6241
1454
10504
8025
5157
13118
8743
4201
5319
5559
11355
858
4907
2920
6850
9638
1920
6558
9251
10993
8466
14406
12092
1286
10852
11398
7234
12500
7176
10179
9061
1487
3261
1485
2615
3235
9484
5775
6202
60
295
8779
1219
6064
2029
3178
9383
9942
12766
9105
13952
8568
12720
1775
12732
9004
1588
12515
8554
4241
10184
8570
1513
9940
10498
4166
2191
3849
7589
530
9875
5607
6035
2001
5352
3820
1824
2335
6679
8248
7758
7312
3920
14998
2002
13812
3620
13565
9355
6076
705
11749
9202
6158
1203
468
13738
5387
5620
14216
4790
2962
3424
975
8345
9126
8047
8074
2438
5746
10375
296
5812
12861
8950
14367
2949
12208
7769
3093
8564
9029
8956
1700
3673
5809
7175
6972
7803
930
12753
13643
8505
2924
13523
11447
4476
9460
6403
3988
4092
6368
13275
12337
3029
830
10958
13181
11989
14768
11247
10647
3725
4513
8790
8611
8090
9362
14600
4984
4224
4333
12434
2694
12674
1251
13577
12437
2096
8513
14441
10608
117
12468
271
6769
67
9245
10933
6726
1006
14904
12795
5449
4106
7542
1308
12581
2449
779
12692
868
4781
6178
13563
14237
2486
9132
9502
9579
41
9831
9899
10897
13422
9395
5655
2114
5348
2600
5447
10669
14355
3219
10631
3245
6373
12383
4777
1270
11874
8336
14637
2099
13406
2004
4873
12829
14889
7082
4558
494
10660
7164
6752
12460
8595
2760
5943
5001
5771
14097
1566
2454
2856
12854
4480
4792
2163
5896
12962
7523
7256
10079
9776
5042
13944
9622
9832
3977
4823
6986
6661
14778
3939
11594
10401
10763
5783
3256
10163
12305
5556
502
792
8230
1843
5564
14913
1181
10921
13110
1769
6350
11823
3169
13618
11509
1813
10198
12019
2965
14123
6855
2447
1602
14988
3719
1172
3452
10751
12070
12823
14472
13011
9242
4097
12392
10366
12913
896
6338
4426
4027
6453
5678
7909
11108
13461
11464
13291
2775
7926
5854
10610
4726
12464
10676
14650
5669
5205
2979
4823
3879
694
10760
14604
9593
1524
4016
14870
6850
9776
10953
11186
13748
6591
13204
8164
10788
9030
3695
9637
12572
9821
13279
383
9203
8651
2850
4545
12362
10807
5042
10058
1663
5110
8910
7779
8414
10597
4018
5374
10395
2772
12111
7517
10173
1629
4862
9400
6876
4121
11557
599
11379
14558
2780
4768
6969
118
10569
13229
3945
2750
1575
13501
11113
7945
6197
3781
3079
641
683
9771
4063
11026
4072
5247
14890
1491
743
9398
13873
14737
4519
6005
5767
2570
13393
2350
12356
11739
9853
18
3285
12839
9533
9363
11201
948
4499
293
13007
371
6734
9281
14163
5788
1504
3404
9071
12748
7083
9042
9014
10412
3425
5787
1052
935
7955
5672
11585
9575
233
7765
058
3667
9108
1296
335
6001
10912
13825
5463
7634
